no.,acc,apl,small_worldness
0,0.593,6.96,0.0852
1,0.593,6.917,0.0857
2,0.592,6.901,0.0858
3,0.592,6.67,0.0888
4,0.591,6.502,0.0909
5,0.591,6.472,0.0913
6,0.59,6.278,0.094
7,0.59,6.229,0.0947
8,0.59,6.013,0.0981
9,0.589,5.993,0.0983
10,0.588,5.88,0.1
11,0.588,5.83,0.1009
12,0.588,5.807,0.1013
13,0.587,5.797,0.1013
14,0.587,5.75,0.1021
15,0.586,5.708,0.1027
16,0.586,5.53,0.106
17,0.586,5.496,0.1066
18,0.585,5.463,0.1071
19,0.584,5.429,0.1076
20,0.584,5.296,0.1103
21,0.583,5.272,0.1106
22,0.583,5.242,0.1112
23,0.582,5.228,0.1113
24,0.582,5.168,0.1126
25,0.581,5.141,0.113
26,0.581,5.12,0.1135
27,0.58,5.099,0.1137
28,0.58,5.088,0.114
29,0.579,5.06,0.1144
30,0.579,5.043,0.1148
31,0.578,5.035,0.1148
32,0.578,4.993,0.1158
33,0.578,4.91,0.1177
34,0.577,4.883,0.1182
35,0.576,4.868,0.1183
36,0.576,4.794,0.1202
37,0.576,4.771,0.1207
38,0.575,4.762,0.1207
39,0.575,4.724,0.1217
40,0.574,4.717,0.1217
41,0.574,4.694,0.1223
42,0.573,4.673,0.1226
43,0.573,4.664,0.1229
44,0.573,4.656,0.1231
45,0.572,4.627,0.1236
46,0.572,4.623,0.1237
47,0.571,4.618,0.1236
48,0.571,4.603,0.124
49,0.57,4.595,0.124
50,0.57,4.593,0.1241
51,0.569,4.584,0.1241
52,0.569,4.568,0.1246
53,0.568,4.557,0.1246
54,0.568,4.544,0.125
55,0.567,4.531,0.1251
56,0.567,4.524,0.1253
57,0.566,4.511,0.1255
58,0.566,4.493,0.126
59,0.566,4.491,0.126
60,0.565,4.479,0.1261
61,0.565,4.469,0.1264
62,0.564,4.453,0.1267
63,0.564,4.45,0.1267
64,0.563,4.441,0.1268
65,0.563,4.417,0.1275
66,0.563,4.409,0.1277
67,0.562,4.393,0.1279
68,0.562,4.39,0.128
69,0.561,4.374,0.1283
70,0.561,4.371,0.1283
71,0.56,4.359,0.1285
72,0.559,4.337,0.1289
73,0.559,4.316,0.1295
74,0.558,4.313,0.1294
75,0.558,4.304,0.1296
76,0.557,4.3,0.1295
77,0.557,4.296,0.1297
78,0.556,4.282,0.1298
79,0.556,4.271,0.1302
80,0.555,4.263,0.1302
81,0.555,4.255,0.1304
82,0.554,4.249,0.1304
83,0.553,4.224,0.1309
84,0.553,4.213,0.1313
85,0.553,4.19,0.132
86,0.552,4.177,0.1322
87,0.552,4.173,0.1323
88,0.551,4.163,0.1324
89,0.55,4.153,0.1324
90,0.55,4.15,0.1325
91,0.549,4.146,0.1324
92,0.549,4.143,0.1325
93,0.548,4.137,0.1325
94,0.548,4.134,0.1326
95,0.547,4.131,0.1324
96,0.547,4.129,0.1325
97,0.546,4.121,0.1325
98,0.546,4.12,0.1325
99,0.546,4.107,0.1329
100,0.545,4.105,0.1328
101,0.545,4.097,0.133
102,0.544,4.094,0.1329
103,0.544,4.086,0.1331
104,0.544,4.074,0.1335
105,0.543,4.072,0.1333
106,0.543,4.068,0.1335
107,0.542,4.064,0.1334
108,0.542,4.047,0.1339
109,0.542,4.036,0.1343
110,0.541,4.026,0.1344
111,0.541,4.024,0.1344
112,0.54,4.017,0.1344
113,0.54,4.012,0.1346
114,0.54,4.007,0.1348
115,0.54,3.992,0.1353
116,0.539,3.981,0.1354
117,0.539,3.97,0.1358
118,0.538,3.965,0.1357
119,0.538,3.959,0.1359
120,0.537,3.955,0.1358
121,0.537,3.952,0.1359
122,0.536,3.952,0.1356
123,0.536,3.951,0.1357
124,0.536,3.945,0.1359
125,0.535,3.94,0.1358
126,0.535,3.912,0.1368
127,0.535,3.908,0.1369
128,0.534,3.906,0.1367
129,0.534,3.905,0.1367
130,0.533,3.897,0.1368
131,0.533,3.893,0.1369
132,0.532,3.889,0.1368
133,0.532,3.881,0.1371
134,0.532,3.875,0.1373
135,0.531,3.869,0.1372
136,0.531,3.866,0.1374
137,0.53,3.864,0.1372
138,0.529,3.856,0.1372
139,0.529,3.847,0.1375
140,0.529,3.844,0.1376
141,0.528,3.841,0.1375
142,0.528,3.838,0.1376
143,0.527,3.83,0.1376
144,0.527,3.824,0.1378
145,0.526,3.821,0.1377
146,0.526,3.819,0.1377
147,0.525,3.813,0.1377
148,0.525,3.81,0.1378
149,0.525,3.809,0.1378
150,0.524,3.805,0.1377
151,0.524,3.804,0.1377
152,0.523,3.803,0.1375
153,0.523,3.799,0.1377
154,0.523,3.796,0.1378
155,0.522,3.791,0.1377
156,0.522,3.787,0.1378
157,0.522,3.784,0.1379
158,0.521,3.783,0.1377
159,0.521,3.777,0.1379
160,0.52,3.771,0.1379
161,0.52,3.765,0.1381
162,0.52,3.762,0.1382
163,0.519,3.756,0.1382
164,0.519,3.755,0.1382
165,0.518,3.752,0.1381
166,0.518,3.751,0.1381
167,0.517,3.75,0.1379
168,0.517,3.746,0.138
169,0.517,3.745,0.1381
170,0.516,3.741,0.1379
171,0.516,3.739,0.138
172,0.515,3.734,0.1379
173,0.515,3.731,0.138
174,0.514,3.729,0.1378
175,0.514,3.726,0.1379
176,0.514,3.718,0.1382
177,0.513,3.713,0.1382
178,0.513,3.711,0.1382
179,0.513,3.708,0.1383
180,0.512,3.707,0.1381
181,0.512,3.704,0.1382
182,0.511,3.7,0.1381
183,0.511,3.697,0.1382
184,0.511,3.693,0.1384
185,0.51,3.688,0.1383
186,0.51,3.687,0.1383
187,0.509,3.684,0.1382
188,0.509,3.682,0.1382
189,0.509,3.682,0.1382
190,0.508,3.678,0.1381
191,0.508,3.676,0.1382
192,0.507,3.668,0.1382
193,0.507,3.667,0.1383
194,0.507,3.661,0.1385
195,0.506,3.659,0.1383
196,0.506,3.657,0.1384
197,0.506,3.651,0.1386
198,0.505,3.65,0.1384
199,0.505,3.648,0.1384
200,0.505,3.646,0.1385
201,0.505,3.644,0.1386
