no.,acc,apl,small_worldness
0,0.593,6.96,0.0852
1,0.593,6.822,0.0869
2,0.592,6.539,0.0905
3,0.592,6.269,0.0944
4,0.591,6.082,0.0972
5,0.591,6.044,0.0978
6,0.59,5.932,0.0995
7,0.589,5.893,0.0999
8,0.588,5.853,0.1005
9,0.588,5.761,0.1021
10,0.588,5.739,0.1025
11,0.587,5.592,0.105
12,0.587,5.556,0.1057
13,0.586,5.51,0.1064
14,0.586,5.466,0.1072
15,0.585,5.405,0.1082
16,0.585,5.397,0.1084
17,0.584,5.327,0.1096
18,0.584,5.321,0.1098
19,0.583,5.303,0.1099
20,0.583,5.252,0.111
21,0.582,5.234,0.1112
22,0.582,5.218,0.1115
23,0.581,5.208,0.1116
24,0.581,5.144,0.1129
25,0.58,5.103,0.1137
26,0.58,5.063,0.1146
27,0.579,4.99,0.116
28,0.579,4.981,0.1162
29,0.578,4.957,0.1166
30,0.578,4.944,0.1169
31,0.577,4.928,0.1171
32,0.577,4.842,0.1192
33,0.577,4.828,0.1195
34,0.576,4.809,0.1198
35,0.576,4.801,0.12
36,0.575,4.793,0.12
37,0.575,4.715,0.122
38,0.575,4.711,0.1221
39,0.574,4.691,0.1224
40,0.573,4.656,0.1231
41,0.573,4.649,0.1233
42,0.573,4.627,0.1238
43,0.572,4.599,0.1244
44,0.572,4.589,0.1246
45,0.571,4.571,0.1249
46,0.571,4.527,0.1261
47,0.57,4.492,0.1269
48,0.57,4.489,0.127
49,0.569,4.483,0.1269
50,0.569,4.48,0.127
51,0.568,4.459,0.1274
52,0.568,4.451,0.1276
53,0.567,4.436,0.1278
54,0.567,4.427,0.1281
55,0.566,4.415,0.1282
56,0.566,4.395,0.1288
57,0.565,4.394,0.1286
58,0.565,4.373,0.1292
59,0.565,4.366,0.1294
60,0.564,4.352,0.1296
61,0.564,4.326,0.1304
62,0.563,4.32,0.1303
63,0.563,4.311,0.1306
64,0.563,4.304,0.1308
65,0.562,4.295,0.1308
66,0.562,4.278,0.1314
67,0.561,4.27,0.1314
68,0.561,4.262,0.1316
69,0.56,4.25,0.1318
70,0.56,4.24,0.1321
71,0.559,4.227,0.1322
72,0.559,4.222,0.1324
73,0.558,4.213,0.1324
74,0.557,4.21,0.1323
75,0.557,4.204,0.1325
76,0.556,4.2,0.1324
77,0.556,4.193,0.1326
78,0.556,4.186,0.1328
79,0.555,4.17,0.1331
80,0.554,4.163,0.1331
81,0.554,4.16,0.1332
82,0.553,4.158,0.133
83,0.553,4.152,0.1332
84,0.552,4.143,0.1332
85,0.552,4.137,0.1334
86,0.551,4.132,0.1333
87,0.551,4.125,0.1336
88,0.55,4.122,0.1334
89,0.55,4.121,0.1335
90,0.549,4.115,0.1334
91,0.549,4.108,0.1336
92,0.548,4.107,0.1334
93,0.547,4.104,0.1333
94,0.547,4.075,0.1342
95,0.546,4.063,0.1344
96,0.546,4.06,0.1345
97,0.545,4.047,0.1347
98,0.545,4.04,0.1349
99,0.544,4.04,0.1347
100,0.544,4.035,0.1348
101,0.544,4.026,0.1351
102,0.543,4.012,0.1353
103,0.543,4.008,0.1355
104,0.542,4.004,0.1354
105,0.542,4.001,0.1355
106,0.541,3.997,0.1354
107,0.541,3.993,0.1355
108,0.54,3.991,0.1353
109,0.539,3.983,0.1353
110,0.539,3.974,0.1356
111,0.538,3.972,0.1354
112,0.538,3.97,0.1355
113,0.538,3.967,0.1356
114,0.537,3.956,0.1357
115,0.536,3.951,0.1357
116,0.536,3.946,0.1358
117,0.535,3.938,0.1359
118,0.535,3.935,0.136
119,0.534,3.934,0.1357
120,0.534,3.926,0.136
121,0.533,3.924,0.1358
122,0.533,3.918,0.136
123,0.533,3.917,0.1361
124,0.532,3.914,0.1359
125,0.532,3.902,0.1363
126,0.531,3.887,0.1366
127,0.531,3.873,0.1371
128,0.53,3.871,0.1369
129,0.53,3.855,0.1375
130,0.53,3.846,0.1378
131,0.529,3.841,0.1377
132,0.529,3.839,0.1378
133,0.528,3.835,0.1377
134,0.528,3.832,0.1378
135,0.527,3.831,0.1376
136,0.527,3.828,0.1377
137,0.527,3.826,0.1377
138,0.526,3.818,0.1378
139,0.526,3.807,0.1382
140,0.526,3.803,0.1383
141,0.525,3.797,0.1383
142,0.525,3.795,0.1383
143,0.524,3.791,0.1382
144,0.524,3.787,0.1384
145,0.523,3.786,0.1381
146,0.522,3.784,0.1379
147,0.522,3.773,0.1384
148,0.522,3.768,0.1385
149,0.521,3.766,0.1383
150,0.521,3.762,0.1385
151,0.521,3.758,0.1386
152,0.52,3.752,0.1386
153,0.52,3.75,0.1387
154,0.519,3.745,0.1386
155,0.519,3.739,0.1388
156,0.519,3.737,0.1389
157,0.518,3.733,0.1388
158,0.518,3.731,0.1388
159,0.517,3.73,0.1386
160,0.517,3.729,0.1386
161,0.516,3.728,0.1384
162,0.516,3.723,0.1386
163,0.515,3.718,0.1385
164,0.515,3.714,0.1387
165,0.515,3.713,0.1387
166,0.514,3.711,0.1385
167,0.514,3.701,0.1389
168,0.514,3.695,0.1391
169,0.513,3.691,0.139
170,0.513,3.687,0.1391
171,0.513,3.675,0.1396
172,0.512,3.672,0.1394
173,0.512,3.668,0.1396
174,0.512,3.666,0.1397
175,0.511,3.664,0.1395
176,0.511,3.663,0.1395
177,0.511,3.658,0.1397
178,0.51,3.654,0.1396
179,0.51,3.648,0.1398
180,0.51,3.648,0.1398
181,0.51,3.646,0.1399
182,0.509,3.644,0.1397
183,0.509,3.642,0.1398
184,0.509,3.641,0.1398
185,0.508,3.639,0.1396
186,0.508,3.636,0.1397
187,0.508,3.63,0.1399
188,0.507,3.627,0.1398
189,0.507,3.626,0.1398
190,0.507,3.623,0.1399
191,0.506,3.621,0.1397
192,0.506,3.618,0.1399
193,0.505,3.617,0.1396
194,0.505,3.613,0.1398
195,0.505,3.612,0.1398
196,0.504,3.608,0.1397
197,0.504,3.603,0.1399
198,0.503,3.601,0.1397
199,0.503,3.6,0.1397
200,0.503,3.595,0.1399
201,0.502,3.591,0.1398
