no.,acc,apl,small_worldness
0,0.593,6.96,0.0852
1,0.593,6.525,0.0909
2,0.592,6.296,0.094
3,0.592,6.113,0.0968
4,0.592,5.8,0.1021
5,0.591,5.691,0.1038
6,0.591,5.626,0.105
7,0.59,5.441,0.1084
8,0.589,5.411,0.1089
9,0.589,5.395,0.1092
10,0.588,5.355,0.1098
11,0.588,5.306,0.1108
12,0.587,5.247,0.1119
13,0.587,5.18,0.1133
14,0.586,5.122,0.1144
15,0.586,5.059,0.1158
16,0.585,4.973,0.1176
17,0.585,4.917,0.119
18,0.584,4.914,0.1188
19,0.584,4.9,0.1192
20,0.583,4.863,0.1199
21,0.582,4.835,0.1204
22,0.582,4.826,0.1206
23,0.581,4.81,0.1208
24,0.581,4.791,0.1213
25,0.58,4.766,0.1217
26,0.58,4.728,0.1227
27,0.58,4.674,0.1241
28,0.579,4.664,0.1241
29,0.579,4.663,0.1242
30,0.579,4.654,0.1244
31,0.578,4.645,0.1244
32,0.578,4.611,0.1254
33,0.577,4.563,0.1265
34,0.577,4.514,0.1278
35,0.576,4.507,0.1278
36,0.576,4.501,0.128
37,0.575,4.483,0.1283
38,0.574,4.476,0.1282
39,0.574,4.446,0.1291
40,0.573,4.423,0.1296
41,0.573,4.411,0.1299
42,0.572,4.404,0.1299
43,0.571,4.397,0.1299
44,0.571,4.386,0.1302
45,0.571,4.371,0.1306
46,0.57,4.35,0.131
47,0.57,4.328,0.1317
48,0.569,4.316,0.1318
49,0.568,4.308,0.1318
50,0.568,4.308,0.1318
51,0.567,4.271,0.1328
52,0.567,4.267,0.1329
53,0.566,4.245,0.1333
54,0.566,4.238,0.1336
55,0.566,4.234,0.1337
56,0.565,4.231,0.1335
57,0.565,4.225,0.1337
58,0.564,4.223,0.1336
59,0.563,4.214,0.1336
60,0.563,4.187,0.1345
61,0.563,4.166,0.1351
62,0.562,4.16,0.1351
63,0.562,4.141,0.1357
64,0.562,4.119,0.1364
65,0.561,4.111,0.1365
66,0.561,4.101,0.1368
67,0.56,4.084,0.1371
68,0.56,4.077,0.1374
69,0.559,4.071,0.1373
70,0.559,4.064,0.1375
71,0.558,4.048,0.1378
72,0.558,4.037,0.1382
73,0.558,4.024,0.1387
74,0.557,4.015,0.1387
75,0.557,4.01,0.1389
76,0.556,4.005,0.1388
77,0.556,3.996,0.1391
78,0.555,3.986,0.1392
79,0.555,3.971,0.1398
80,0.555,3.95,0.1405
81,0.554,3.947,0.1404
82,0.553,3.941,0.1403
83,0.552,3.929,0.1405
84,0.552,3.921,0.1408
85,0.551,3.913,0.1408
86,0.551,3.902,0.1412
87,0.55,3.893,0.1413
88,0.55,3.889,0.1414
89,0.549,3.887,0.1412
90,0.549,3.875,0.1417
91,0.548,3.871,0.1416
92,0.548,3.86,0.142
93,0.548,3.858,0.142
94,0.547,3.849,0.1421
95,0.547,3.847,0.1422
96,0.547,3.844,0.1423
97,0.546,3.835,0.1424
98,0.546,3.834,0.1424
99,0.545,3.826,0.1424
100,0.545,3.82,0.1427
101,0.544,3.813,0.1427
102,0.544,3.806,0.1429
103,0.543,3.802,0.1428
104,0.543,3.795,0.1431
105,0.542,3.791,0.143
106,0.541,3.778,0.1432
107,0.541,3.77,0.1435
108,0.54,3.766,0.1434
109,0.54,3.765,0.1434
110,0.539,3.755,0.1435
111,0.539,3.748,0.1438
112,0.538,3.745,0.1437
113,0.538,3.741,0.1438
114,0.537,3.734,0.1438
115,0.536,3.729,0.1437
116,0.536,3.721,0.144
117,0.535,3.714,0.144
118,0.535,3.711,0.1442
119,0.535,3.705,0.1444
120,0.534,3.703,0.1442
121,0.534,3.703,0.1442
122,0.533,3.695,0.1442
123,0.533,3.692,0.1444
124,0.532,3.689,0.1442
125,0.532,3.687,0.1443
126,0.532,3.685,0.1444
127,0.532,3.684,0.1444
128,0.531,3.679,0.1443
129,0.531,3.674,0.1445
130,0.53,3.673,0.1443
131,0.53,3.662,0.1447
132,0.529,3.662,0.1445
133,0.529,3.657,0.1447
134,0.528,3.65,0.1447
135,0.528,3.646,0.1448
136,0.528,3.642,0.145
137,0.527,3.64,0.1448
138,0.527,3.636,0.1449
139,0.526,3.635,0.1447
140,0.526,3.632,0.1448
141,0.525,3.621,0.145
142,0.525,3.619,0.1451
143,0.524,3.615,0.145
144,0.524,3.611,0.1451
145,0.524,3.597,0.1457
146,0.523,3.594,0.1455
147,0.523,3.587,0.1458
148,0.522,3.584,0.1456
149,0.522,3.582,0.1457
150,0.522,3.577,0.1459
151,0.521,3.575,0.1457
152,0.521,3.571,0.1459
153,0.52,3.566,0.1458
154,0.52,3.561,0.146
155,0.52,3.555,0.1463
156,0.519,3.549,0.1462
157,0.519,3.544,0.1464
158,0.519,3.541,0.1466
159,0.517,3.538,0.1461
160,0.516,3.532,0.1461
161,0.516,3.529,0.1462
162,0.516,3.523,0.1465
163,0.515,3.521,0.1463
164,0.515,3.516,0.1465
165,0.514,3.51,0.1464
166,0.514,3.509,0.1465
167,0.514,3.508,0.1465
168,0.514,3.503,0.1467
169,0.513,3.5,0.1466
170,0.513,3.496,0.1467
171,0.512,3.492,0.1466
172,0.511,3.49,0.1464
173,0.511,3.487,0.1465
174,0.511,3.485,0.1466
175,0.51,3.482,0.1465
176,0.51,3.478,0.1466
177,0.509,3.476,0.1464
178,0.509,3.475,0.1465
179,0.508,3.471,0.1464
180,0.508,3.464,0.1467
181,0.508,3.461,0.1468
182,0.507,3.454,0.1468
183,0.507,3.451,0.1469
184,0.506,3.449,0.1467
185,0.506,3.447,0.1468
186,0.506,3.446,0.1468
187,0.505,3.445,0.1466
188,0.505,3.442,0.1467
189,0.504,3.44,0.1465
190,0.504,3.436,0.1467
191,0.504,3.43,0.1469
192,0.503,3.425,0.1469
193,0.503,3.422,0.147
194,0.502,3.421,0.1467
195,0.502,3.418,0.1469
196,0.501,3.416,0.1467
197,0.501,3.411,0.1469
198,0.501,3.407,0.1471
199,0.5,3.406,0.1468
200,0.5,3.403,0.1469
