no.,acc,apl,small_worldness
0,0.593,6.96,0.0852
1,0.593,6.71,0.0884
2,0.592,6.209,0.0953
3,0.592,6.168,0.096
4,0.591,6.086,0.0971
5,0.591,5.799,0.1019
6,0.59,5.717,0.1032
7,0.59,5.563,0.1061
8,0.589,5.511,0.1069
9,0.589,5.469,0.1077
10,0.588,5.431,0.1083
11,0.588,5.369,0.1095
12,0.587,5.324,0.1103
13,0.587,5.249,0.1118
14,0.586,5.087,0.1152
15,0.585,5.045,0.116
16,0.585,5.009,0.1168
17,0.584,4.986,0.1171
18,0.584,4.971,0.1175
19,0.583,4.962,0.1175
20,0.583,4.941,0.118
21,0.582,4.878,0.1193
22,0.582,4.874,0.1194
23,0.582,4.858,0.1198
24,0.581,4.853,0.1197
25,0.581,4.798,0.1211
26,0.58,4.772,0.1215
27,0.58,4.746,0.1222
28,0.579,4.693,0.1234
29,0.579,4.66,0.1242
30,0.578,4.633,0.1248
31,0.578,4.612,0.1253
32,0.578,4.596,0.1258
33,0.577,4.562,0.1265
34,0.577,4.553,0.1267
35,0.576,4.543,0.1268
36,0.576,4.503,0.1279
37,0.575,4.488,0.1281
38,0.575,4.486,0.1282
39,0.575,4.473,0.1285
40,0.574,4.45,0.129
41,0.573,4.435,0.1292
42,0.573,4.421,0.1296
43,0.573,4.387,0.1306
44,0.572,4.362,0.1311
45,0.571,4.357,0.1311
46,0.571,4.351,0.1312
47,0.57,4.349,0.1311
48,0.569,4.344,0.131
49,0.569,4.329,0.1314
50,0.568,4.314,0.1317
51,0.568,4.31,0.1318
52,0.567,4.301,0.1318
53,0.567,4.293,0.1321
54,0.566,4.279,0.1323
55,0.566,4.276,0.1324
56,0.566,4.269,0.1326
57,0.565,4.241,0.1332
58,0.564,4.219,0.1337
59,0.564,4.213,0.1339
60,0.563,4.209,0.1338
61,0.563,4.199,0.1341
62,0.563,4.199,0.1341
63,0.562,4.167,0.1349
64,0.562,4.155,0.1353
65,0.562,4.136,0.1359
66,0.561,4.125,0.136
67,0.561,4.1,0.1368
68,0.56,4.087,0.137
69,0.56,4.08,0.1373
70,0.559,4.066,0.1375
71,0.559,4.049,0.1381
72,0.558,4.04,0.1381
73,0.558,4.023,0.1387
74,0.558,4.017,0.1389
75,0.557,4.003,0.1391
76,0.557,3.997,0.1394
77,0.556,3.991,0.1393
78,0.556,3.982,0.1396
79,0.555,3.96,0.1402
80,0.555,3.957,0.1403
81,0.553,3.954,0.1399
82,0.553,3.946,0.1401
83,0.553,3.931,0.1407
84,0.552,3.923,0.1407
85,0.551,3.918,0.1406
86,0.551,3.911,0.1409
87,0.55,3.906,0.1408
88,0.55,3.895,0.1412
89,0.549,3.892,0.1411
90,0.548,3.885,0.1411
91,0.548,3.879,0.1413
92,0.547,3.875,0.1412
93,0.547,3.859,0.1417
94,0.546,3.851,0.1418
95,0.546,3.842,0.1421
96,0.545,3.835,0.1421
97,0.545,3.829,0.1423
98,0.545,3.816,0.1428
99,0.544,3.813,0.1427
100,0.544,3.808,0.1429
101,0.543,3.804,0.1427
102,0.542,3.797,0.1427
103,0.542,3.791,0.143
104,0.541,3.787,0.1429
105,0.541,3.778,0.1432
106,0.54,3.774,0.1431
107,0.54,3.769,0.1433
108,0.54,3.758,0.1437
109,0.539,3.747,0.1438
110,0.539,3.741,0.1441
111,0.538,3.734,0.1441
112,0.538,3.733,0.1441
113,0.538,3.723,0.1445
114,0.537,3.718,0.1444
115,0.536,3.711,0.1444
116,0.536,3.701,0.1448
117,0.536,3.698,0.1449
118,0.535,3.696,0.1448
119,0.535,3.692,0.1449
120,0.534,3.688,0.1448
121,0.534,3.685,0.1449
122,0.533,3.681,0.1448
123,0.533,3.674,0.1451
124,0.532,3.668,0.145
125,0.531,3.665,0.1449
126,0.531,3.66,0.1451
127,0.531,3.655,0.1453
128,0.53,3.654,0.145
129,0.529,3.648,0.145
130,0.529,3.647,0.1451
131,0.529,3.641,0.1453
132,0.528,3.638,0.1451
133,0.528,3.633,0.1453
134,0.527,3.63,0.1452
135,0.527,3.626,0.1453
136,0.526,3.624,0.1451
137,0.525,3.618,0.1451
138,0.525,3.612,0.1453
139,0.524,3.606,0.1453
140,0.524,3.604,0.1454
141,0.523,3.6,0.1453
142,0.523,3.593,0.1456
143,0.523,3.585,0.1459
144,0.522,3.581,0.1458
145,0.522,3.577,0.1459
146,0.522,3.573,0.1461
147,0.521,3.571,0.1459
148,0.521,3.568,0.146
149,0.52,3.564,0.1459
150,0.52,3.562,0.146
151,0.519,3.555,0.146
152,0.519,3.552,0.1461
153,0.518,3.551,0.1459
154,0.518,3.549,0.146
155,0.517,3.543,0.1459
156,0.517,3.538,0.1461
157,0.517,3.537,0.1462
158,0.516,3.535,0.146
159,0.516,3.533,0.1461
160,0.515,3.528,0.146
161,0.515,3.52,0.1463
162,0.514,3.518,0.1461
163,0.514,3.513,0.1463
164,0.513,3.508,0.1462
165,0.513,3.504,0.1464
166,0.513,3.498,0.1467
167,0.512,3.493,0.1466
168,0.512,3.489,0.1467
169,0.512,3.486,0.1469
170,0.511,3.485,0.1466
171,0.511,3.482,0.1468
172,0.51,3.476,0.1467
173,0.51,3.473,0.1468
174,0.509,3.47,0.1467
175,0.509,3.468,0.1468
176,0.508,3.463,0.1467
177,0.508,3.461,0.1468
178,0.508,3.458,0.1469
179,0.507,3.453,0.1468
180,0.507,3.447,0.1471
181,0.507,3.442,0.1473
182,0.506,3.439,0.1471
183,0.506,3.437,0.1472
184,0.505,3.435,0.147
185,0.505,3.433,0.1471
186,0.505,3.428,0.1473
187,0.504,3.423,0.1472
188,0.504,3.422,0.1473
189,0.504,3.42,0.1474
190,0.503,3.418,0.1472
191,0.503,3.416,0.1472
192,0.503,3.413,0.1474
193,0.502,3.411,0.1472
194,0.502,3.41,0.1472
195,0.502,3.407,0.1473
196,0.501,3.404,0.1472
197,0.501,3.403,0.1472
198,0.5,3.4,0.1471
199,0.5,3.398,0.1471
200,0.5,3.398,0.1471
