400 2
95 1.6688977 -3.2678645
176 1.3696822 -2.376301
50 2.3951619 -4.9815474
70 4.3769565 2.216108
345 1.286739 0.15115716
248 1.4529219 -2.589019
316 3.0550368 1.383604
300 0.9381245 -0.5563227
59 1.4919257 -2.9034483
54 1.9774051 -4.066753
135 1.2651386 -2.2711864
195 4.5532146 2.2963815
202 2.0382755 -4.042999
66 1.7845232 0.6562729
100 1.1509626 -2.000094
252 1.1165922 -1.5975326
53 1.8607987 -3.8562365
12 2.4385219 -5.1518426
35 5.3484397 2.7396019
145 2.1193454 0.8805079
223 1.3059626 0.2176605
265 1.4767431 0.3492381
84 2.72876 -5.6484647
251 1.1245427 -1.7195548
138 1.034798 -1.6038227
246 1.1760098 -1.8392881
155 4.8872085 2.4977455
324 1.0613669 -1.4760166
191 4.6710157 2.3223572
353 2.547163 1.0573817
165 2.5804012 -5.335211
68 1.620677 0.56457096
370 0.9821263 -1.1042384
262 1.2489631 0.15558645
273 3.3622065 1.6059867
72 4.0041924 1.9704345
303 1.0550349 -0.113970235
127 2.607554 -5.3844414
161 2.48421 -5.1218543
173 1.2358785 -2.0919564
327 1.0193121 -1.2987703
235 4.761262 2.4229343
123 2.5577743 -5.3321447
57 1.2968463 -2.4853222
298 0.9442162 -0.5328931
185 1.4305422 0.392403
267 1.519355 0.36291665
275 2.8193521 1.2645345
13 1.9692051 -4.114298
101 1.2497823 0.28056887
6 2.6461787 -5.573054
263 1.2019737 0.08226319
201 2.061891 -4.1400657
293 0.94346607 -0.67722595
348 1.1705495 0.003925292
294 0.9397534 -0.7776234
379 0.9584836 -0.46475253
129 2.2806485 -4.6885214
41 2.823903 -5.932709
110 3.8825018 1.8964067
354 2.8830252 1.2562145
52 2.7113488 -5.6807604
341 1.1354951 -0.02683104
105 2.1946826 0.98384476
245 1.2947217 -2.1360714
206 2.3647923 -4.844408
272 2.4768517 1.0374048
58 1.5064292 -2.9351406
276 3.8503664 1.861238
77 5.8314495 3.018192
387 1.3108374 0.13467611
63 0.9342421 0.017880512
295 0.9230388 -0.6928559
183 1.1071084 0.04069621
314 3.342917 1.5537176
194 5.2615795 2.7174432
285 1.2606919 -2.105734
375 0.9204858 -0.6598354
43 2.7383904 -5.7334533
306 1.2833341 0.18997116
98 1.0238311 -1.7295198
56 1.9445286 -4.0796685
189 3.7479749 1.8471164
7 2.739599 -5.7526493
126 2.5799005 -5.3466687
137 0.89311373 -1.0422524
136 1.1716441 -2.076145
148 1.7688849 0.6925308
55 2.105154 -4.450431
250 1.1849715 -1.9053978
164 2.4287093 -5.0367165
329 1.0006931 -1.1482927
51 2.3478281 -4.8783298
255 1.0692426 -1.5579885
174 1.1046056 -1.5998558
234 4.631387 2.3475065
88 2.6690888 -5.53425
120 5.601556 2.924848
21 1.6951666 0.6604412
166 2.4948316 -5.170613
349 1.8175358 0.57986504
256 0.92723894 -0.89830506
76 5.019524 2.570211
186 1.4728816 0.4259693
69 3.8876069 1.9243833
20 0.93200403 -1.4216683
85 2.6473327 -5.552112
320 3.1202362 1.4522661
73 5.794013 3.0165346
304 1.1488023 0.009700046
308 1.4532505 0.30883855
48 2.7683275 -5.8110623
325 1.0375246 -1.3930149
299 0.93600595 -0.5833992
111 4.624286 2.3858452
380 0.99882555 -0.2820871
266 1.4659202 0.32404244
103 1.2161932 0.22003543
236 4.1452127 2.0238776
339 0.98317075 -0.33667672
208 2.2476134 -4.569391
90 2.1745915 -4.503017
193 5.137943 2.6487148
61 0.89103246 -0.06139899
322 1.1169041 -1.6822779
367 0.98839223 -1.1454314
168 2.3337088 -4.861798
104 1.31306 0.31734145
254 0.91830057 -0.6446442
169 1.5079035 -2.7054646
215 1.3670526 -2.3363445
366 1.016438 -1.2733549
365 1.0135546 -1.1686102
67 2.2051318 0.9352649
172 1.461003 -2.6183622
131 1.7870557 -3.592509
28 3.250641 1.5553547
280 4.048805 1.996026
106 2.6313646 1.1908816
313 2.5526578 1.0821017
352 2.024587 0.73140997
342 1.068865 -0.13681778
319 3.595522 1.6897459
178 0.94372654 -0.2911641
130 1.865909 -3.8103945
175 1.401934 -2.471473
278 4.160743 2.0515945
292 0.94753224 -1.1756209
394 2.1601498 0.79600143
45 2.6469488 -5.597449
338 0.9516094 -0.5587207
163 2.576735 -5.340465
182 1.2435678 0.16461138
209 1.4039484 -2.562856
30 4.5744405 2.3169289
162 2.510525 -5.2608123
356 2.9241195 1.3094891
60 0.8628772 -1.1858287
171 1.6204761 -2.9742403
91 2.3672936 -4.9213824
210 1.3757466 -2.3688934
219 0.97825843 -0.1637523
75 5.375427 2.7506957
17 1.3749803 -2.6259778
112 4.394332 2.197569
225 1.4774889 0.41922042
71 3.7940798 1.8615106
241 1.7519114 -3.3227422
47 2.7736037 -5.7722116
391 1.6133454 0.43284383
253 0.93921405 -0.85708994
231 2.0925267 0.8764327
336 0.91625965 -0.6401076
143 1.3502414 0.35714713
385 1.4849678 0.31040707
344 1.1416254 -0.01863831
287 1.1060722 -1.6502893
81 2.7325087 -5.700382
389 1.9100226 0.64100194
196 5.201178 2.6457994
258 0.9461095 -0.4486442
79 5.9587445 3.0847633
221 1.0258303 -0.20002784
117 5.7702427 2.966213
211 1.3479621 -2.371228
361 1.0035696 -1.3121793
141 0.9513707 -0.08288004
82 2.6676884 -5.603325
26 3.574232 1.7511576
188 1.5200578 0.46608472
230 3.775976 1.8881767
181 1.2057351 0.15966012
150 4.614871 2.3098016
46 2.7150848 -5.6935015
27 3.2435083 1.5469496
259 0.8750961 -0.704831
151 3.1853356 1.5173254
156 5.422469 2.7530434
24 0.72041607 -0.2030851
16 1.9369135 -4.019027
346 1.3663492 0.18510042
170 1.4913319 -2.7931235
269 2.5735302 1.112411
257 0.962146 -0.3973238
167 2.473903 -5.100992
177 0.84698707 -0.608503
249 1.1328765 -1.73225
212 1.2694838 -2.0994198
297 0.932378 -0.6260061
159 5.23398 2.7266319
261 1.023772 -0.15784627
392 1.4562393 0.3115751
64 0.79385114 -0.061556835
109 3.711268 1.8536345
29 4.0209837 1.9692155
122 2.6257796 -5.441289
86 2.434524 -5.045288
350 1.7927204 0.5858826
384 1.1272181 -0.046053328
78 5.8597946 3.0605304
113 5.414899 2.799094
290 1.0512273 -1.4889679
383 1.1547974 -0.06108979
227 1.5433142 0.43843243
154 5.1295896 2.6294522
116 4.8667974 2.4577856
315 3.4882467 1.6484312
187 2.1522143 0.91421866
153 4.971396 2.5744617
270 2.5365477 1.1053567
360 2.8171484 1.2346356
233 3.8253293 1.8626521
328 1.0567641 -1.3657783
96 1.3303859 -2.4603086
264 1.2832052 0.20096412
89 2.2120843 -4.681366
31 4.5738373 2.3581035
337 0.9593882 -0.43306026
14 1.6778971 -3.4126892
311 2.007795 0.7669708
125 2.5210412 -5.216697
305 1.5549142 0.4565703
200 5.2822585 2.7244105
190 3.3993497 1.6509242
309 1.9739708 0.73283136
213 1.4520445 -2.5732443
216 1.2820663 -2.1361804
107 2.7168558 1.2790544
355 2.2380383 0.8512291
102 0.6992382 -0.45294288
326 1.0305295 -1.3247672
334 0.9465545 -0.69277287
197 5.0171084 2.5748022
93 1.7130313 -3.4300838
238 4.3881187 2.2094605
243 1.6588441 -3.1635962
291 0.9546679 -0.9058236
184 1.1844735 0.07547315
296 0.9276091 -0.90226525
359 2.6427202 1.1222478
357 2.8264592 1.2379436
260 0.9367938 -0.37528023
99 1.206002 -2.1840289
347 1.457059 0.28296918
283 1.2848499 -2.1752577
382 1.0332624 -0.21253407
381 1.0792327 -0.109600335
301 0.9776904 -0.34607998
224 0.9930236 -0.23786771
312 1.9276025 0.7220189
351 1.6158091 0.4313922
386 1.2162579 0.038380757
214 1.3827453 -2.4480648
274 3.3046021 1.529921
65 2.3693163 1.0221307
180 1.0287504 -1.5674859
318 3.7747715 1.8010912
228 1.5711288 0.4323394
147 1.5689627 0.54124033
205 2.0571187 -4.0535016
310 2.261453 0.90103334
23 1.5335171 0.44769722
372 0.953803 -0.95680565
146 1.5093201 0.47396654
369 0.9325022 -0.8982309
277 4.2290163 2.1399882
222 1.3721024 0.27416772
302 0.99921995 -0.28976434
244 1.4799509 -2.618016
358 2.8580856 1.2495667
94 1.9707288 -4.0782347
218 1.0066411 -0.17380565
340 0.9362167 -0.58102596
80 5.6163163 2.9246554
247 1.7442049 -3.3763957
321 1.1852129 -1.8193809
198 5.322343 2.7711048
62 1.4305948 0.36893815
226 1.6649648 0.5294536
242 1.6381947 -3.0860226
108 1.5743781 0.5065772
307 1.691067 0.53452915
333 0.93060136 -0.73860717
393 2.3025014 0.8963238
121 2.4273663 -4.9921427
288 1.2113518 -1.9175186
40 5.4054837 2.8445718
395 2.0149782 0.7076602
114 4.7644954 2.4017448
97 0.7525075 -0.7605688
217 0.9279319 -0.4474763
378 0.9830208 -0.37166664
279 3.566302 1.704977
132 1.6301341 -3.270809
268 1.4198315 0.29210395
149 3.222887 1.5819944
124 2.489942 -5.189743
398 2.5952508 1.069451
240 4.2303114 2.1150784
237 4.535636 2.3117695
8 2.5926368 -5.4468493
115 5.160663 2.6842492
74 5.444061 2.8623385
396 2.327855 0.9078173
331 0.9363089 -0.8943156
128 2.4512687 -5.109698
271 2.583506 1.1100347
134 1.3536744 -2.613721
34 4.9591722 2.5350845
133 1.1860138 -2.0696688
317 3.1714368 1.4725208
139 0.8915001 -0.77972424
390 1.8805554 0.6150245
220 0.93265676 -0.41640082
15 1.4878595 -2.9606638
158 5.396504 2.7859044
335 0.9273785 -0.7421023
179 0.855209 -0.8567574
157 5.585103 2.8931153
49 2.42468 -5.1162357
286 1.2227529 -1.9545206
36 5.4310822 2.7844822
362 1.1363031 -1.6456156
152 3.1872044 1.5352176
44 2.5274484 -5.325787
87 2.5348058 -5.3443694
5 2.5442288 -5.3594217
284 1.586697 -2.8343856
282 1.2882303 -2.199434
343 1.0567712 -0.18123712
38 5.425917 2.834238
11 2.4826071 -5.163514
92 2.1579819 -4.460626
363 1.0485938 -1.417933
192 3.8687217 1.9057146
140 1.122541 -1.8357027
281 1.544532 -2.8229306
232 1.8268691 0.65029716
229 4.0634317 2.0493317
376 0.9346089 -0.531406
332 0.9484581 -0.90236336
397 2.5514398 1.0384303
37 5.4828024 2.8567438
144 0.8714097 -0.22266768
118 5.47154 2.807013
289 1.0687772 -1.4653066
371 0.97681284 -1.0461148
25 2.3138819 1.0512903
39 5.409273 2.8142216
368 1.0220808 -1.2909436
377 0.9559919 -0.47945958
142 0.80416286 -0.26292178
373 0.9492121 -0.50287396
32 4.6143126 2.33334
399 2.6484954 1.1149769
330 1.0054629 -1.2059759
374 0.9397982 -0.5144645
204 1.7126067 -3.318063
160 5.185816 2.68998
207 2.0138643 -3.9610336
323 1.1017666 -1.6037856
239 3.9489377 1.9510368
199 4.8053064 2.4614253
388 1.3495935 0.19848937
203 1.6852697 -3.2976077
400 2.6135337 1.1221063
9 2.395277 -5.0237737
18 0.8980445 -1.4641359
33 4.622614 2.3438585
119 5.187237 2.6692748
10 2.331134 -4.924003
1 2.1759772 -4.562669
4 2.1787953 -4.575288
42 2.245817 -4.740568
19 0.92525 -1.6136653
364 1.0438037 -1.425619
83 2.1444674 -4.439575
22 1.571515 0.43774793
3 1.9696801 -4.099067
2 1.9315159 -4.043351
