no.,acc,apl,small_worldness
0,0.593,6.96,0.0852
1,0.593,6.672,0.0889
2,0.592,6.521,0.0908
3,0.592,6.459,0.0917
4,0.591,6.331,0.0934
5,0.591,6.318,0.0935
6,0.591,6.2,0.0953
7,0.59,5.998,0.0984
8,0.589,5.982,0.0985
9,0.589,5.868,0.1004
10,0.588,5.841,0.1007
11,0.588,5.832,0.1008
12,0.587,5.803,0.1012
13,0.587,5.717,0.1027
14,0.586,5.671,0.1033
15,0.586,5.545,0.1057
16,0.585,5.465,0.107
17,0.585,5.398,0.1084
18,0.585,5.392,0.1085
19,0.584,5.343,0.1093
20,0.584,5.228,0.1117
21,0.583,5.223,0.1116
22,0.582,5.167,0.1126
23,0.582,5.15,0.113
24,0.581,5.095,0.114
25,0.581,5.076,0.1145
26,0.581,5.055,0.1149
27,0.58,5.044,0.115
28,0.579,4.986,0.1161
29,0.579,4.926,0.1175
30,0.579,4.881,0.1186
31,0.578,4.863,0.1189
32,0.578,4.849,0.1192
33,0.577,4.842,0.1192
34,0.576,4.833,0.1192
35,0.576,4.782,0.1205
36,0.575,4.762,0.1207
37,0.575,4.743,0.1212
38,0.574,4.689,0.1224
39,0.574,4.675,0.1228
40,0.574,4.658,0.1232
41,0.573,4.637,0.1236
42,0.573,4.626,0.1239
43,0.572,4.612,0.124
44,0.572,4.598,0.1244
45,0.571,4.577,0.1248
46,0.571,4.555,0.1254
47,0.571,4.547,0.1256
48,0.57,4.541,0.1255
49,0.57,4.536,0.1257
50,0.569,4.516,0.126
51,0.569,4.507,0.1262
52,0.568,4.488,0.1266
53,0.568,4.479,0.1268
54,0.567,4.467,0.1269
55,0.567,4.453,0.1273
56,0.566,4.43,0.1278
57,0.566,4.425,0.1279
58,0.566,4.419,0.1281
59,0.565,4.41,0.1281
60,0.565,4.396,0.1285
61,0.564,4.381,0.1287
62,0.563,4.376,0.1287
63,0.563,4.367,0.1289
64,0.563,4.357,0.1292
65,0.562,4.353,0.1291
66,0.561,4.35,0.129
67,0.561,4.344,0.1291
68,0.56,4.341,0.129
69,0.56,4.337,0.1291
70,0.559,4.326,0.1292
71,0.559,4.318,0.1295
72,0.559,4.314,0.1296
73,0.558,4.311,0.1294
74,0.557,4.301,0.1295
75,0.557,4.292,0.1298
76,0.557,4.282,0.1301
77,0.556,4.266,0.1303
78,0.556,4.247,0.1309
79,0.555,4.243,0.1308
80,0.555,4.234,0.1311
81,0.555,4.223,0.1314
82,0.554,4.22,0.1313
83,0.554,4.211,0.1316
84,0.553,4.207,0.1314
85,0.553,4.193,0.1319
86,0.553,4.189,0.132
87,0.552,4.185,0.1319
88,0.552,4.16,0.1327
89,0.552,4.155,0.1329
90,0.551,4.151,0.1327
91,0.55,4.146,0.1327
92,0.55,4.14,0.1329
93,0.55,4.139,0.1329
94,0.549,4.133,0.1328
95,0.549,4.127,0.133
96,0.548,4.124,0.1329
97,0.548,4.115,0.1332
98,0.547,4.111,0.1331
99,0.547,4.104,0.1333
100,0.547,4.102,0.1333
101,0.546,4.092,0.1334
102,0.546,4.088,0.1336
103,0.545,4.085,0.1334
104,0.545,4.067,0.134
105,0.544,4.063,0.1339
106,0.544,4.049,0.1344
107,0.543,4.035,0.1346
108,0.543,4.026,0.1349
109,0.543,4.024,0.1349
110,0.543,4.01,0.1354
111,0.542,4.009,0.1352
112,0.542,4.006,0.1353
113,0.541,4.003,0.1351
114,0.541,3.999,0.1353
115,0.54,3.993,0.1352
116,0.54,3.991,0.1353
117,0.54,3.986,0.1355
118,0.539,3.984,0.1353
119,0.539,3.983,0.1353
120,0.539,3.974,0.1356
121,0.538,3.962,0.1358
122,0.538,3.958,0.1359
123,0.537,3.934,0.1365
124,0.537,3.926,0.1368
125,0.536,3.924,0.1366
126,0.536,3.922,0.1367
127,0.536,3.915,0.1369
128,0.535,3.912,0.1368
129,0.535,3.901,0.1371
130,0.534,3.895,0.1371
131,0.534,3.892,0.1372
132,0.533,3.888,0.1371
133,0.533,3.887,0.1371
134,0.533,3.883,0.1373
135,0.532,3.879,0.1371
136,0.532,3.873,0.1374
137,0.531,3.863,0.1375
138,0.531,3.857,0.1377
139,0.531,3.853,0.1378
140,0.53,3.85,0.1377
141,0.53,3.843,0.1379
142,0.529,3.838,0.1378
143,0.529,3.836,0.1379
144,0.529,3.832,0.138
145,0.528,3.829,0.1379
146,0.528,3.826,0.138
147,0.527,3.826,0.1377
148,0.527,3.822,0.1379
149,0.527,3.819,0.138
150,0.526,3.816,0.1378
151,0.526,3.811,0.138
152,0.526,3.806,0.1382
153,0.525,3.804,0.138
154,0.524,3.799,0.1379
155,0.524,3.797,0.138
156,0.523,3.793,0.1379
157,0.523,3.787,0.1381
158,0.523,3.783,0.1383
159,0.522,3.778,0.1382
160,0.522,3.775,0.1383
161,0.521,3.774,0.138
162,0.521,3.77,0.1382
163,0.52,3.763,0.1382
164,0.52,3.761,0.1383
165,0.52,3.757,0.1384
166,0.519,3.755,0.1382
167,0.519,3.752,0.1383
168,0.518,3.746,0.1383
169,0.518,3.735,0.1387
170,0.517,3.728,0.1387
171,0.517,3.72,0.139
172,0.517,3.717,0.1391
173,0.516,3.714,0.1389
174,0.516,3.71,0.1391
175,0.516,3.702,0.1394
176,0.515,3.7,0.1392
177,0.515,3.699,0.1392
178,0.515,3.697,0.1393
179,0.514,3.694,0.1391
180,0.514,3.691,0.1393
181,0.514,3.691,0.1393
182,0.513,3.685,0.1392
183,0.513,3.684,0.1393
184,0.513,3.674,0.1396
185,0.512,3.673,0.1394
186,0.512,3.671,0.1395
187,0.512,3.669,0.1395
188,0.512,3.667,0.1396
189,0.511,3.666,0.1394
190,0.511,3.661,0.1396
191,0.511,3.659,0.1397
192,0.51,3.656,0.1395
193,0.51,3.654,0.1396
194,0.509,3.653,0.1393
195,0.509,3.651,0.1394
196,0.509,3.644,0.1397
197,0.508,3.643,0.1394
198,0.508,3.642,0.1395
199,0.508,3.641,0.1395
200,0.508,3.639,0.1396
