no.,acc,apl,small_worldness
0,0.593,6.96,0.0852
1,0.592,6.788,0.0872
2,0.592,6.397,0.0925
3,0.591,6.31,0.0937
4,0.591,6.286,0.094
5,0.59,6.26,0.0942
6,0.59,6.197,0.0952
7,0.589,6.114,0.0963
8,0.589,5.971,0.0986
9,0.588,5.961,0.0986
10,0.588,5.87,0.1002
11,0.587,5.856,0.1002
12,0.587,5.812,0.101
13,0.587,5.78,0.1016
14,0.586,5.757,0.1018
15,0.586,5.697,0.1029
16,0.585,5.616,0.1042
17,0.585,5.533,0.1057
18,0.585,5.486,0.1066
19,0.584,5.42,0.1077
20,0.584,5.385,0.1084
21,0.583,5.341,0.1092
22,0.583,5.326,0.1095
23,0.582,5.293,0.11
24,0.582,5.266,0.1105
25,0.581,5.256,0.1105
26,0.581,5.134,0.1132
27,0.581,5.112,0.1137
28,0.58,5.051,0.1148
29,0.58,5.039,0.1151
30,0.579,5.014,0.1155
31,0.579,4.963,0.1167
32,0.578,4.948,0.1168
33,0.578,4.933,0.1172
34,0.577,4.92,0.1173
35,0.577,4.89,0.118
36,0.576,4.876,0.1181
37,0.576,4.863,0.1184
38,0.576,4.849,0.1188
39,0.575,4.827,0.1191
40,0.575,4.818,0.1193
41,0.575,4.815,0.1194
42,0.574,4.795,0.1197
43,0.573,4.774,0.12
44,0.573,4.733,0.1211
45,0.572,4.718,0.1212
46,0.572,4.707,0.1215
47,0.571,4.694,0.1216
48,0.571,4.679,0.122
49,0.571,4.677,0.1221
50,0.57,4.656,0.1224
51,0.569,4.612,0.1234
52,0.568,4.599,0.1235
53,0.568,4.595,0.1236
54,0.567,4.587,0.1236
55,0.567,4.58,0.1238
56,0.566,4.538,0.1247
57,0.566,4.533,0.1249
58,0.565,4.528,0.1248
59,0.565,4.506,0.1254
60,0.565,4.504,0.1254
61,0.564,4.501,0.1253
62,0.564,4.491,0.1256
63,0.563,4.443,0.1267
64,0.563,4.431,0.1271
65,0.563,4.397,0.128
66,0.562,4.382,0.1283
67,0.561,4.376,0.1282
68,0.561,4.35,0.129
69,0.56,4.333,0.1292
70,0.56,4.316,0.1297
71,0.559,4.303,0.1299
72,0.558,4.296,0.1299
73,0.558,4.294,0.1299
74,0.558,4.288,0.1301
75,0.557,4.283,0.13
76,0.557,4.267,0.1305
77,0.556,4.258,0.1306
78,0.556,4.246,0.1309
79,0.555,4.242,0.1308
80,0.555,4.232,0.1311
81,0.554,4.23,0.131
82,0.554,4.215,0.1314
83,0.553,4.208,0.1314
84,0.553,4.203,0.1316
85,0.553,4.197,0.1318
86,0.552,4.187,0.1318
87,0.552,4.182,0.132
88,0.552,4.174,0.1322
89,0.551,4.171,0.1321
90,0.551,4.161,0.1324
91,0.55,4.158,0.1323
92,0.55,4.15,0.1325
93,0.549,4.146,0.1324
94,0.549,4.141,0.1326
95,0.548,4.132,0.1326
96,0.548,4.124,0.1329
97,0.547,4.123,0.1327
98,0.547,4.114,0.133
99,0.546,4.109,0.1329
100,0.545,4.103,0.1328
101,0.545,4.101,0.1329
102,0.545,4.1,0.1329
103,0.544,4.095,0.1328
104,0.544,4.089,0.133
105,0.543,4.083,0.133
106,0.543,4.079,0.1331
107,0.542,4.074,0.133
108,0.542,4.066,0.1333
109,0.542,4.064,0.1334
110,0.541,4.06,0.1333
111,0.541,4.055,0.1334
112,0.54,4.037,0.1338
113,0.54,4.033,0.1339
114,0.54,4.033,0.1339
115,0.539,4.021,0.134
116,0.539,4.017,0.1342
117,0.539,4.011,0.1344
118,0.538,4.001,0.1345
119,0.537,3.997,0.1344
120,0.537,3.977,0.135
121,0.537,3.976,0.1351
122,0.536,3.974,0.1349
123,0.536,3.971,0.135
124,0.535,3.967,0.1349
125,0.535,3.96,0.1351
126,0.534,3.959,0.1349
127,0.534,3.956,0.135
128,0.534,3.947,0.1353
129,0.533,3.94,0.1353
130,0.533,3.927,0.1357
131,0.533,3.923,0.1359
132,0.532,3.918,0.1358
133,0.532,3.909,0.1361
134,0.531,3.902,0.1361
135,0.531,3.899,0.1362
136,0.53,3.894,0.1361
137,0.53,3.889,0.1363
138,0.529,3.886,0.1361
139,0.529,3.883,0.1362
140,0.529,3.874,0.1366
141,0.528,3.872,0.1364
142,0.528,3.869,0.1365
143,0.528,3.859,0.1368
144,0.527,3.856,0.1367
145,0.527,3.854,0.1367
146,0.526,3.846,0.1368
147,0.526,3.838,0.1371
148,0.526,3.826,0.1375
149,0.525,3.824,0.1373
150,0.525,3.822,0.1374
151,0.524,3.821,0.1371
152,0.524,3.817,0.1373
153,0.524,3.817,0.1373
154,0.523,3.812,0.1372
155,0.523,3.808,0.1373
156,0.523,3.804,0.1375
157,0.522,3.803,0.1373
158,0.522,3.8,0.1374
159,0.521,3.797,0.1372
160,0.521,3.792,0.1374
161,0.521,3.784,0.1377
162,0.52,3.781,0.1375
163,0.52,3.781,0.1375
164,0.519,3.778,0.1374
165,0.519,3.77,0.1377
166,0.519,3.758,0.1381
167,0.518,3.748,0.1382
168,0.518,3.747,0.1382
169,0.518,3.744,0.1384
170,0.517,3.74,0.1382
171,0.517,3.734,0.1385
172,0.517,3.733,0.1385
173,0.516,3.732,0.1383
174,0.516,3.731,0.1383
175,0.516,3.729,0.1384
176,0.515,3.724,0.1383
177,0.515,3.719,0.1385
178,0.514,3.713,0.1384
179,0.514,3.707,0.1387
180,0.513,3.705,0.1385
181,0.513,3.702,0.1386
182,0.512,3.699,0.1384
183,0.512,3.694,0.1386
184,0.512,3.69,0.1388
185,0.511,3.685,0.1387
186,0.511,3.683,0.1387
187,0.51,3.681,0.1385
188,0.51,3.678,0.1387
189,0.509,3.677,0.1384
190,0.509,3.674,0.1385
191,0.509,3.671,0.1387
192,0.508,3.67,0.1384
193,0.508,3.669,0.1385
194,0.507,3.666,0.1383
195,0.507,3.663,0.1384
196,0.507,3.661,0.1385
197,0.506,3.66,0.1383
198,0.506,3.659,0.1383
199,0.505,3.656,0.1381
200,0.505,3.653,0.1382
201,0.505,3.65,0.1384
