no.,acc,apl,small_worldness
0,0.593,6.96,0.0852
1,0.592,6.809,0.0869
2,0.591,6.46,0.0915
3,0.591,6.286,0.094
4,0.59,6.237,0.0946
5,0.59,5.823,0.1013
6,0.59,5.771,0.1022
7,0.589,5.709,0.1032
8,0.589,5.49,0.1073
9,0.589,5.439,0.1083
10,0.589,5.351,0.1101
11,0.588,5.293,0.1111
12,0.588,5.149,0.1142
13,0.588,5.141,0.1144
14,0.588,5.105,0.1152
15,0.588,4.949,0.1188
16,0.587,4.909,0.1196
17,0.587,4.89,0.12
18,0.587,4.813,0.122
19,0.587,4.752,0.1235
20,0.587,4.711,0.1246
21,0.586,4.648,0.1261
22,0.586,4.609,0.1271
23,0.586,4.591,0.1276
24,0.585,4.537,0.1289
25,0.585,4.44,0.1318
26,0.585,4.328,0.1352
27,0.585,4.291,0.1363
28,0.585,4.272,0.1369
29,0.585,4.259,0.1374
30,0.584,4.221,0.1384
31,0.584,4.202,0.139
32,0.584,4.161,0.1404
33,0.584,4.151,0.1407
34,0.583,4.045,0.1441
35,0.583,4.038,0.1444
36,0.583,4.024,0.1449
37,0.583,3.977,0.1466
38,0.583,3.973,0.1467
39,0.582,3.969,0.1466
40,0.582,3.95,0.1473
41,0.582,3.946,0.1475
42,0.582,3.936,0.1479
43,0.582,3.931,0.1481
44,0.582,3.927,0.1482
45,0.582,3.927,0.1482
46,0.582,3.92,0.1485
47,0.581,3.893,0.1492
48,0.581,3.888,0.1494
49,0.581,3.813,0.1524
50,0.581,3.813,0.1524
51,0.58,3.765,0.1541
52,0.58,3.758,0.1543
53,0.58,3.758,0.1543
54,0.58,3.754,0.1545
55,0.58,3.746,0.1548
56,0.58,3.746,0.1548
57,0.58,3.674,0.1579
58,0.579,3.669,0.1578
59,0.579,3.665,0.158
60,0.579,3.654,0.1585
61,0.579,3.65,0.1586
62,0.579,3.643,0.1589
63,0.579,3.638,0.1592
64,0.579,3.638,0.1592
65,0.579,3.634,0.1593
66,0.579,3.63,0.1595
67,0.579,3.626,0.1597
68,0.579,3.621,0.1599
69,0.579,3.614,0.1602
70,0.579,3.61,0.1604
71,0.579,3.61,0.1604
72,0.579,3.58,0.1617
73,0.579,3.564,0.1625
74,0.579,3.56,0.1626
75,0.579,3.555,0.1629
76,0.579,3.551,0.1631
77,0.579,3.535,0.1638
78,0.578,3.53,0.1637
79,0.578,3.526,0.1639
80,0.578,3.526,0.1639
81,0.578,3.522,0.1641
82,0.578,3.517,0.1643
83,0.578,3.513,0.1645
84,0.578,3.499,0.1652
85,0.578,3.491,0.1656
86,0.578,3.491,0.1656
87,0.578,3.487,0.1658
88,0.578,3.483,0.1659
89,0.577,3.479,0.1659
90,0.577,3.475,0.166
91,0.577,3.451,0.1672
92,0.577,3.447,0.1674
93,0.577,3.443,0.1676
94,0.577,3.438,0.1678
95,0.577,3.43,0.1682
96,0.577,3.425,0.1685
97,0.577,3.421,0.1687
98,0.577,3.421,0.1687
99,0.577,3.417,0.1689
100,0.577,3.412,0.1691
101,0.577,3.412,0.1691
102,0.577,3.408,0.1693
103,0.577,3.404,0.1695
104,0.577,3.399,0.1698
105,0.577,3.399,0.1698
106,0.577,3.391,0.1702
107,0.577,3.391,0.1702
108,0.577,3.391,0.1702
109,0.577,3.391,0.1702
110,0.577,3.387,0.1704
111,0.577,3.382,0.1706
112,0.577,3.382,0.1706
113,0.576,3.378,0.1705
114,0.576,3.374,0.1707
115,0.576,3.365,0.1712
116,0.576,3.361,0.1714
117,0.576,3.357,0.1716
118,0.576,3.353,0.1718
119,0.576,3.353,0.1718
120,0.576,3.349,0.172
121,0.576,3.349,0.172
122,0.576,3.345,0.1722
123,0.576,3.34,0.1725
124,0.576,3.336,0.1727
125,0.576,3.331,0.1729
126,0.576,3.327,0.1731
127,0.576,3.297,0.1747
128,0.576,3.279,0.1757
129,0.576,3.279,0.1757
130,0.576,3.274,0.1759
131,0.576,3.27,0.1761
132,0.576,3.27,0.1761
133,0.576,3.266,0.1764
134,0.577,3.261,0.1769
135,0.577,3.261,0.1769
136,0.576,3.243,0.1776
137,0.576,3.243,0.1776
138,0.576,3.243,0.1776
139,0.576,3.239,0.1778
140,0.576,3.239,0.1778
141,0.576,3.239,0.1778
142,0.576,3.239,0.1778
143,0.577,3.235,0.1784
144,0.577,3.235,0.1784
145,0.577,3.235,0.1784
146,0.576,3.23,0.1783
147,0.576,3.226,0.1785
148,0.576,3.226,0.1785
149,0.577,3.222,0.1791
150,0.577,3.222,0.1791
151,0.577,3.222,0.1791
152,0.577,3.222,0.1791
153,0.577,3.222,0.1791
154,0.577,3.217,0.1794
155,0.577,3.213,0.1796
156,0.577,3.209,0.1798
157,0.577,3.204,0.1801
158,0.577,3.204,0.1801
159,0.576,3.196,0.1802
160,0.577,3.192,0.1808
161,0.577,3.192,0.1808
162,0.577,3.188,0.181
163,0.577,3.188,0.181
164,0.577,3.184,0.1812
165,0.577,3.184,0.1812
166,0.577,3.184,0.1812
167,0.577,3.184,0.1812
168,0.577,3.18,0.1814
169,0.577,3.176,0.1817
170,0.577,3.171,0.182
171,0.577,3.171,0.182
172,0.577,3.167,0.1822
173,0.577,3.167,0.1822
174,0.577,3.163,0.1824
175,0.577,3.158,0.1827
176,0.577,3.154,0.1829
177,0.577,3.154,0.1829
178,0.577,3.149,0.1832
179,0.577,3.145,0.1835
180,0.577,3.141,0.1837
181,0.577,3.128,0.1845
182,0.577,3.123,0.1848
183,0.577,3.119,0.185
184,0.577,3.114,0.1853
185,0.577,3.114,0.1853
186,0.577,3.11,0.1855
187,0.577,3.105,0.1858
188,0.577,3.101,0.1861
189,0.577,3.097,0.1863
190,0.577,3.092,0.1866
191,0.577,3.088,0.1869
192,0.577,3.084,0.1871
193,0.577,3.084,0.1871
194,0.577,3.079,0.1874
195,0.577,3.079,0.1874
196,0.578,3.075,0.188
197,0.578,3.071,0.1882
198,0.578,3.071,0.1882
199,0.578,3.071,0.1882
200,0.578,3.066,0.1885
201,0.578,3.062,0.1888
202,0.578,3.062,0.1888
203,0.578,3.058,0.189
204,0.578,3.054,0.1893
205,0.578,3.054,0.1893
206,0.578,3.054,0.1893
207,0.578,3.049,0.1896
208,0.577,3.032,0.1903
209,0.577,3.028,0.1906
210,0.577,3.028,0.1906
211,0.577,3.028,0.1906
212,0.577,3.028,0.1906
213,0.577,3.023,0.1909
214,0.577,3.019,0.1911
215,0.577,3.014,0.1914
216,0.577,3.014,0.1914
217,0.577,3.014,0.1914
218,0.577,3.01,0.1917
219,0.577,3.005,0.192
220,0.577,3.005,0.192
221,0.577,3.005,0.192
222,0.577,3.005,0.192
223,0.577,3.005,0.192
224,0.577,3.001,0.1923
225,0.577,3.001,0.1923
226,0.577,3.001,0.1923
227,0.577,3.001,0.1923
228,0.577,2.997,0.1925
229,0.577,2.993,0.1928
230,0.578,2.988,0.1934
231,0.577,2.984,0.1934
232,0.577,2.979,0.1937
233,0.577,2.979,0.1937
234,0.578,2.975,0.1943
235,0.578,2.975,0.1943
236,0.578,2.975,0.1943
237,0.578,2.971,0.1945
238,0.578,2.966,0.1949
239,0.578,2.962,0.1951
240,0.578,2.962,0.1951
241,0.578,2.962,0.1951
242,0.578,2.957,0.1955
243,0.578,2.957,0.1955
244,0.578,2.957,0.1955
245,0.578,2.957,0.1955
246,0.578,2.953,0.1957
247,0.578,2.949,0.196
248,0.578,2.949,0.196
249,0.578,2.944,0.1963
250,0.578,2.94,0.1966
251,0.578,2.94,0.1966
252,0.578,2.935,0.1969
253,0.578,2.93,0.1973
254,0.578,2.93,0.1973
255,0.578,2.926,0.1975
256,0.579,2.922,0.1982
257,0.579,2.922,0.1982
258,0.579,2.918,0.1984
259,0.579,2.914,0.1987
260,0.579,2.914,0.1987
261,0.579,2.914,0.1987
262,0.579,2.909,0.199
263,0.579,2.909,0.199
264,0.579,2.905,0.1993
265,0.58,2.9,0.2
266,0.58,2.896,0.2003
267,0.58,2.891,0.2006
268,0.58,2.891,0.2006
269,0.58,2.891,0.2006
270,0.58,2.887,0.2009
271,0.58,2.887,0.2009
272,0.58,2.882,0.2012
273,0.581,2.878,0.2019
274,0.581,2.874,0.2022
275,0.581,2.869,0.2025
276,0.581,2.869,0.2025
277,0.581,2.869,0.2025
278,0.581,2.865,0.2028
279,0.581,2.865,0.2028
280,0.581,2.865,0.2028
281,0.581,2.86,0.2031
282,0.581,2.86,0.2031
283,0.581,2.856,0.2034
284,0.581,2.856,0.2034
285,0.582,2.851,0.2041
