no.,acc,apl,small_worldness
0,0.593,6.96,0.0852
1,0.592,6.908,0.0857
2,0.591,6.686,0.0884
3,0.59,6.466,0.0912
4,0.59,6.255,0.0943
5,0.589,6.179,0.0953
6,0.589,6.034,0.0976
7,0.588,5.98,0.0983
8,0.588,5.506,0.1068
9,0.588,5.306,0.1108
10,0.588,5.285,0.1113
11,0.588,5.22,0.1126
12,0.588,5.047,0.1165
13,0.588,5.016,0.1172
14,0.587,4.966,0.1182
15,0.587,4.798,0.1223
16,0.587,4.714,0.1245
17,0.586,4.653,0.1259
18,0.586,4.591,0.1276
19,0.586,4.559,0.1285
20,0.586,4.487,0.1306
21,0.585,4.46,0.1312
22,0.585,4.46,0.1312
23,0.585,4.438,0.1318
24,0.585,4.367,0.134
25,0.585,4.36,0.1342
26,0.585,4.34,0.1348
27,0.584,4.332,0.1348
28,0.584,4.294,0.136
29,0.584,4.279,0.1365
30,0.584,4.243,0.1376
31,0.583,4.239,0.1375
32,0.583,4.239,0.1375
33,0.583,4.218,0.1382
34,0.583,4.166,0.1399
35,0.583,4.124,0.1414
36,0.583,4.102,0.1421
37,0.583,4.098,0.1423
38,0.582,4.085,0.1425
39,0.582,4.056,0.1435
40,0.582,4.027,0.1445
41,0.581,4.022,0.1445
42,0.581,3.995,0.1454
43,0.581,3.955,0.1469
44,0.581,3.951,0.1471
45,0.581,3.934,0.1477
46,0.581,3.916,0.1484
47,0.581,3.849,0.1509
48,0.58,3.845,0.1508
49,0.58,3.841,0.151
50,0.58,3.841,0.151
51,0.58,3.837,0.1512
52,0.58,3.807,0.1524
53,0.58,3.803,0.1525
54,0.58,3.803,0.1525
55,0.58,3.789,0.1531
56,0.58,3.785,0.1532
57,0.58,3.75,0.1547
58,0.579,3.746,0.1546
59,0.579,3.741,0.1548
60,0.579,3.741,0.1548
61,0.579,3.731,0.1552
62,0.579,3.662,0.1581
63,0.579,3.645,0.1588
64,0.579,3.64,0.1591
65,0.579,3.636,0.1592
66,0.579,3.628,0.1596
67,0.579,3.624,0.1598
68,0.579,3.62,0.1599
69,0.579,3.62,0.1599
70,0.579,3.616,0.1601
71,0.579,3.605,0.1606
72,0.578,3.597,0.1607
73,0.578,3.585,0.1612
74,0.578,3.563,0.1622
75,0.578,3.559,0.1624
76,0.578,3.547,0.163
77,0.578,3.547,0.163
78,0.578,3.543,0.1631
79,0.578,3.538,0.1634
80,0.578,3.534,0.1636
81,0.578,3.53,0.1637
82,0.578,3.526,0.1639
83,0.578,3.517,0.1643
84,0.577,3.513,0.1642
85,0.577,3.513,0.1642
86,0.577,3.508,0.1645
87,0.577,3.491,0.1653
88,0.577,3.487,0.1655
89,0.577,3.487,0.1655
90,0.577,3.482,0.1657
91,0.577,3.478,0.1659
92,0.577,3.467,0.1664
93,0.577,3.452,0.1671
94,0.576,3.448,0.1671
95,0.576,3.444,0.1672
96,0.576,3.44,0.1674
97,0.576,3.44,0.1674
98,0.576,3.435,0.1677
99,0.576,3.431,0.1679
100,0.576,3.427,0.1681
101,0.576,3.427,0.1681
102,0.576,3.422,0.1683
103,0.576,3.422,0.1683
104,0.576,3.418,0.1685
105,0.576,3.414,0.1687
106,0.576,3.414,0.1687
107,0.576,3.406,0.1691
108,0.576,3.402,0.1693
109,0.576,3.402,0.1693
110,0.575,3.397,0.1693
111,0.575,3.393,0.1695
112,0.576,3.389,0.17
113,0.575,3.385,0.1699
114,0.575,3.385,0.1699
115,0.575,3.385,0.1699
116,0.575,3.365,0.1709
117,0.575,3.365,0.1709
118,0.575,3.361,0.1711
119,0.575,3.356,0.1713
120,0.575,3.356,0.1713
121,0.576,3.352,0.1718
122,0.576,3.348,0.172
123,0.576,3.348,0.172
124,0.576,3.343,0.1723
125,0.576,3.327,0.1731
126,0.576,3.327,0.1731
127,0.576,3.323,0.1733
128,0.576,3.323,0.1733
129,0.576,3.318,0.1736
130,0.576,3.314,0.1738
131,0.576,3.31,0.174
132,0.576,3.306,0.1742
133,0.576,3.306,0.1742
134,0.576,3.301,0.1745
135,0.576,3.293,0.1749
136,0.576,3.289,0.1751
137,0.576,3.289,0.1751
138,0.576,3.289,0.1751
139,0.576,3.285,0.1753
140,0.576,3.281,0.1756
141,0.576,3.281,0.1756
142,0.576,3.276,0.1758
143,0.576,3.272,0.176
144,0.576,3.268,0.1763
145,0.576,3.268,0.1763
146,0.576,3.268,0.1763
147,0.576,3.268,0.1763
148,0.576,3.26,0.1767
149,0.576,3.255,0.177
150,0.576,3.251,0.1772
151,0.576,3.246,0.1774
152,0.576,3.246,0.1774
153,0.576,3.242,0.1777
154,0.576,3.238,0.1779
155,0.576,3.234,0.1781
156,0.576,3.23,0.1783
157,0.576,3.23,0.1783
158,0.576,3.213,0.1793
159,0.576,3.208,0.1796
160,0.576,3.204,0.1798
161,0.576,3.2,0.18
162,0.576,3.195,0.1803
163,0.576,3.195,0.1803
164,0.576,3.191,0.1805
165,0.576,3.186,0.1808
166,0.576,3.186,0.1808
167,0.575,3.169,0.1814
168,0.576,3.164,0.182
169,0.576,3.16,0.1823
170,0.576,3.16,0.1823
171,0.576,3.156,0.1825
172,0.576,3.151,0.1828
173,0.576,3.151,0.1828
174,0.576,3.147,0.183
175,0.576,3.147,0.183
176,0.576,3.147,0.183
177,0.576,3.13,0.184
178,0.576,3.13,0.184
179,0.576,3.118,0.1847
180,0.576,3.118,0.1847
181,0.576,3.118,0.1847
182,0.576,3.118,0.1847
183,0.575,3.114,0.1846
184,0.575,3.109,0.1849
185,0.575,3.109,0.1849
186,0.575,3.105,0.1852
187,0.575,3.101,0.1854
188,0.575,3.101,0.1854
189,0.575,3.101,0.1854
190,0.575,3.101,0.1854
191,0.575,3.101,0.1854
192,0.575,3.101,0.1854
193,0.575,3.097,0.1857
194,0.575,3.092,0.186
195,0.575,3.074,0.1871
196,0.575,3.074,0.1871
197,0.575,3.07,0.1873
198,0.575,3.066,0.1875
199,0.575,3.062,0.1878
200,0.575,3.057,0.1881
201,0.575,3.053,0.1883
202,0.575,3.049,0.1886
203,0.575,3.044,0.1889
204,0.576,3.039,0.1895
205,0.576,3.039,0.1895
206,0.576,3.035,0.1898
207,0.576,3.031,0.19
208,0.576,3.027,0.1903
209,0.576,3.022,0.1906
210,0.576,3.018,0.1909
211,0.576,3.014,0.1911
212,0.576,3.014,0.1911
213,0.576,3.014,0.1911
214,0.576,3.014,0.1911
215,0.576,3.014,0.1911
216,0.576,3.009,0.1914
217,0.576,3.009,0.1914
218,0.576,3.009,0.1914
219,0.576,3.005,0.1917
220,0.576,3.0,0.192
221,0.576,3.0,0.192
222,0.576,3.0,0.192
223,0.576,3.0,0.192
224,0.577,2.996,0.1926
225,0.577,2.996,0.1926
226,0.577,2.992,0.1928
227,0.577,2.988,0.1931
228,0.577,2.983,0.1934
229,0.577,2.979,0.1937
230,0.577,2.979,0.1937
231,0.577,2.975,0.1939
232,0.578,2.97,0.1946
233,0.578,2.966,0.1949
234,0.577,2.962,0.1948
235,0.578,2.957,0.1955
236,0.578,2.957,0.1955
237,0.578,2.957,0.1955
238,0.578,2.953,0.1957
239,0.578,2.949,0.196
240,0.578,2.944,0.1963
241,0.578,2.94,0.1966
242,0.578,2.94,0.1966
243,0.579,2.936,0.1972
244,0.579,2.931,0.1975
245,0.579,2.927,0.1978
246,0.579,2.923,0.1981
247,0.579,2.918,0.1984
248,0.579,2.918,0.1984
249,0.579,2.918,0.1984
250,0.579,2.918,0.1984
251,0.579,2.918,0.1984
252,0.579,2.914,0.1987
253,0.579,2.914,0.1987
254,0.58,2.909,0.1994
255,0.58,2.905,0.1997
256,0.58,2.901,0.1999
257,0.58,2.896,0.2003
258,0.58,2.896,0.2003
259,0.58,2.892,0.2006
260,0.58,2.887,0.2009
261,0.581,2.883,0.2015
262,0.581,2.883,0.2015
263,0.581,2.878,0.2019
264,0.581,2.878,0.2019
265,0.582,2.874,0.2025
266,0.582,2.87,0.2028
267,0.582,2.865,0.2031
268,0.582,2.861,0.2034
269,0.582,2.861,0.2034
270,0.582,2.856,0.2038
271,0.582,2.852,0.2041
