no.,acc,apl,small_worldness
0,0.593,6.96,0.0852
1,0.592,6.794,0.0871
2,0.591,6.609,0.0894
3,0.59,6.516,0.0905
4,0.59,6.203,0.0951
5,0.59,6.002,0.0983
6,0.589,5.958,0.0989
7,0.589,5.532,0.1065
8,0.589,5.518,0.1067
9,0.589,5.348,0.1101
10,0.588,5.248,0.112
11,0.588,5.185,0.1134
12,0.588,5.128,0.1147
13,0.588,5.101,0.1153
14,0.587,5.005,0.1173
15,0.587,4.947,0.1187
16,0.587,4.767,0.1231
17,0.587,4.74,0.1238
18,0.587,4.71,0.1246
19,0.586,4.704,0.1246
20,0.586,4.572,0.1282
21,0.586,4.534,0.1292
22,0.586,4.501,0.1302
23,0.586,4.475,0.1309
24,0.586,4.463,0.1313
25,0.585,4.446,0.1316
26,0.585,4.36,0.1342
27,0.585,4.345,0.1346
28,0.584,4.248,0.1375
29,0.584,4.215,0.1386
30,0.584,4.151,0.1407
31,0.583,4.123,0.1414
32,0.583,4.105,0.142
33,0.583,4.088,0.1426
34,0.583,4.084,0.1428
35,0.583,4.077,0.143
36,0.583,4.03,0.1447
37,0.582,4.014,0.145
38,0.582,4.007,0.1452
39,0.582,3.976,0.1464
40,0.582,3.93,0.1481
41,0.582,3.93,0.1481
42,0.581,3.922,0.1481
43,0.581,3.905,0.1488
44,0.581,3.888,0.1494
45,0.581,3.88,0.1497
46,0.581,3.88,0.1497
47,0.58,3.828,0.1515
48,0.58,3.821,0.1518
49,0.58,3.805,0.1524
50,0.58,3.793,0.1529
51,0.58,3.788,0.1531
52,0.58,3.781,0.1534
53,0.58,3.751,0.1546
54,0.58,3.744,0.1549
55,0.579,3.74,0.1548
56,0.578,3.731,0.1549
57,0.578,3.731,0.1549
58,0.578,3.726,0.1551
59,0.578,3.722,0.1553
60,0.578,3.713,0.1557
61,0.578,3.713,0.1557
62,0.578,3.701,0.1562
63,0.578,3.69,0.1566
64,0.578,3.686,0.1568
65,0.577,3.673,0.1571
66,0.577,3.668,0.1573
67,0.577,3.645,0.1583
68,0.577,3.645,0.1583
69,0.577,3.606,0.16
70,0.577,3.598,0.1604
71,0.577,3.581,0.1611
72,0.576,3.571,0.1613
73,0.576,3.567,0.1615
74,0.576,3.562,0.1617
75,0.576,3.546,0.1624
76,0.576,3.528,0.1633
77,0.576,3.528,0.1633
78,0.576,3.524,0.1635
79,0.576,3.52,0.1636
80,0.576,3.499,0.1646
81,0.576,3.488,0.1651
82,0.575,3.474,0.1655
83,0.575,3.469,0.1658
84,0.575,3.469,0.1658
85,0.575,3.465,0.1659
86,0.575,3.461,0.1661
87,0.574,3.457,0.166
88,0.574,3.457,0.166
89,0.574,3.453,0.1662
90,0.574,3.449,0.1664
91,0.574,3.444,0.1667
92,0.574,3.44,0.1669
93,0.574,3.436,0.1671
94,0.574,3.414,0.1681
95,0.574,3.41,0.1683
96,0.574,3.405,0.1686
97,0.574,3.401,0.1688
98,0.573,3.392,0.1689
99,0.573,3.392,0.1689
100,0.574,3.388,0.1694
101,0.574,3.388,0.1694
102,0.574,3.384,0.1696
103,0.574,3.379,0.1699
104,0.574,3.368,0.1704
105,0.574,3.363,0.1707
106,0.574,3.359,0.1709
107,0.574,3.355,0.1711
108,0.574,3.351,0.1713
109,0.574,3.346,0.1715
110,0.574,3.342,0.1718
111,0.574,3.338,0.172
112,0.574,3.334,0.1722
113,0.574,3.329,0.1724
114,0.573,3.321,0.1725
115,0.574,3.317,0.173
116,0.573,3.313,0.173
117,0.573,3.308,0.1732
118,0.573,3.304,0.1734
119,0.574,3.3,0.1739
120,0.574,3.295,0.1742
121,0.574,3.291,0.1744
122,0.573,3.272,0.1751
123,0.573,3.268,0.1753
124,0.573,3.268,0.1753
125,0.573,3.268,0.1753
126,0.573,3.268,0.1753
127,0.573,3.268,0.1753
128,0.573,3.264,0.1756
129,0.574,3.259,0.1761
130,0.574,3.255,0.1763
131,0.574,3.251,0.1766
132,0.574,3.247,0.1768
133,0.574,3.247,0.1768
134,0.574,3.243,0.177
135,0.574,3.243,0.177
136,0.574,3.238,0.1773
137,0.574,3.234,0.1775
138,0.574,3.234,0.1775
139,0.574,3.23,0.1777
140,0.574,3.225,0.178
141,0.575,3.221,0.1785
142,0.574,3.216,0.1785
143,0.574,3.212,0.1787
144,0.574,3.208,0.1789
145,0.575,3.203,0.1795
146,0.575,3.199,0.1797
147,0.575,3.194,0.18
148,0.574,3.181,0.1804
149,0.575,3.176,0.181
150,0.575,3.172,0.1813
151,0.575,3.16,0.182
152,0.575,3.151,0.1825
153,0.575,3.151,0.1825
154,0.575,3.151,0.1825
155,0.575,3.147,0.1827
156,0.574,3.143,0.1826
157,0.575,3.138,0.1832
158,0.575,3.138,0.1832
159,0.575,3.134,0.1835
160,0.575,3.13,0.1837
161,0.575,3.126,0.1839
162,0.575,3.121,0.1842
163,0.575,3.121,0.1842
164,0.575,3.121,0.1842
165,0.575,3.117,0.1845
166,0.575,3.112,0.1848
167,0.575,3.108,0.185
168,0.575,3.108,0.185
169,0.575,3.108,0.185
170,0.575,3.104,0.1852
171,0.575,3.1,0.1855
172,0.575,3.095,0.1858
173,0.575,3.095,0.1858
174,0.575,3.095,0.1858
175,0.575,3.091,0.186
176,0.576,3.086,0.1866
177,0.576,3.086,0.1866
178,0.576,3.078,0.1871
179,0.576,3.078,0.1871
180,0.576,3.074,0.1874
181,0.576,3.074,0.1874
182,0.575,3.07,0.1873
183,0.575,3.065,0.1876
184,0.575,3.061,0.1878
185,0.575,3.061,0.1878
186,0.575,3.061,0.1878
187,0.575,3.057,0.1881
188,0.576,3.052,0.1887
189,0.576,3.052,0.1887
190,0.576,3.052,0.1887
191,0.576,3.052,0.1887
192,0.576,3.052,0.1887
193,0.576,3.048,0.189
194,0.576,3.048,0.189
195,0.576,3.044,0.1892
196,0.576,3.044,0.1892
197,0.576,3.039,0.1895
198,0.576,3.035,0.1898
199,0.576,3.03,0.1901
200,0.576,3.026,0.1904
201,0.576,3.022,0.1906
202,0.576,3.022,0.1906
203,0.576,3.018,0.1909
204,0.576,3.018,0.1909
205,0.577,3.013,0.1915
206,0.577,3.013,0.1915
207,0.577,3.009,0.1918
208,0.577,3.009,0.1918
209,0.577,3.005,0.192
210,0.577,3.0,0.1923
211,0.577,3.0,0.1923
212,0.577,2.996,0.1926
213,0.578,2.992,0.1932
214,0.578,2.988,0.1934
215,0.578,2.988,0.1934
216,0.578,2.983,0.1938
217,0.578,2.983,0.1938
218,0.578,2.979,0.194
219,0.578,2.979,0.194
220,0.578,2.971,0.1945
221,0.578,2.966,0.1949
222,0.578,2.962,0.1951
223,0.579,2.958,0.1957
224,0.579,2.958,0.1957
225,0.579,2.958,0.1957
226,0.579,2.958,0.1957
227,0.579,2.958,0.1957
228,0.579,2.953,0.1961
229,0.579,2.953,0.1961
230,0.579,2.948,0.1964
231,0.579,2.944,0.1967
232,0.579,2.94,0.1969
233,0.579,2.935,0.1973
234,0.579,2.935,0.1973
235,0.579,2.935,0.1973
236,0.579,2.931,0.1975
237,0.579,2.926,0.1979
238,0.58,2.917,0.1988
239,0.58,2.913,0.1991
240,0.58,2.913,0.1991
241,0.58,2.909,0.1994
242,0.58,2.909,0.1994
243,0.58,2.904,0.1997
244,0.58,2.9,0.2
245,0.58,2.891,0.2006
246,0.58,2.891,0.2006
247,0.58,2.891,0.2006
248,0.58,2.887,0.2009
249,0.58,2.883,0.2012
250,0.58,2.883,0.2012
251,0.581,2.878,0.2019
252,0.581,2.878,0.2019
253,0.581,2.874,0.2022
254,0.581,2.874,0.2022
255,0.581,2.874,0.2022
256,0.581,2.869,0.2025
257,0.581,2.869,0.2025
258,0.581,2.869,0.2025
259,0.581,2.869,0.2025
260,0.581,2.865,0.2028
261,0.582,2.861,0.2034
262,0.582,2.856,0.2038
263,0.582,2.856,0.2038
264,0.582,2.852,0.2041
