no.,acc,apl,small_worldness
0,0.593,6.96,0.0852
1,0.592,6.659,0.0889
2,0.591,6.509,0.0908
3,0.59,6.366,0.0927
4,0.59,6.044,0.0976
5,0.59,5.982,0.0986
6,0.59,5.745,0.1027
7,0.589,5.589,0.1054
8,0.589,5.462,0.1078
9,0.589,5.344,0.1102
10,0.589,5.27,0.1118
11,0.588,5.254,0.1119
12,0.588,5.14,0.1144
13,0.588,5.14,0.1144
14,0.588,5.095,0.1154
15,0.588,5.036,0.1168
16,0.588,4.966,0.1184
17,0.587,4.962,0.1183
18,0.587,4.955,0.1185
19,0.587,4.9,0.1198
20,0.587,4.869,0.1206
21,0.587,4.869,0.1206
22,0.587,4.829,0.1216
23,0.586,4.702,0.1246
24,0.586,4.684,0.1251
25,0.586,4.672,0.1254
26,0.586,4.623,0.1268
27,0.585,4.492,0.1302
28,0.585,4.429,0.1321
29,0.585,4.372,0.1338
30,0.585,4.366,0.134
31,0.585,4.153,0.1409
32,0.584,4.144,0.1409
33,0.584,4.129,0.1414
34,0.583,4.113,0.1417
35,0.583,4.071,0.1432
36,0.583,4.064,0.1435
37,0.583,4.059,0.1436
38,0.582,4.036,0.1442
39,0.582,3.997,0.1456
40,0.582,3.953,0.1472
41,0.581,3.949,0.1471
42,0.581,3.906,0.1487
43,0.581,3.886,0.1495
44,0.581,3.852,0.1508
45,0.581,3.848,0.151
46,0.581,3.844,0.1511
47,0.58,3.809,0.1523
48,0.58,3.793,0.1529
49,0.58,3.778,0.1535
50,0.58,3.749,0.1547
51,0.58,3.741,0.155
52,0.58,3.737,0.1552
53,0.579,3.733,0.1551
54,0.579,3.721,0.1556
55,0.579,3.717,0.1558
56,0.579,3.689,0.157
57,0.579,3.685,0.1571
58,0.578,3.68,0.1571
59,0.578,3.668,0.1576
60,0.578,3.656,0.1581
61,0.578,3.656,0.1581
62,0.578,3.652,0.1583
63,0.578,3.648,0.1584
64,0.578,3.591,0.161
65,0.578,3.587,0.1611
66,0.577,3.579,0.1612
67,0.577,3.575,0.1614
68,0.577,3.532,0.1634
69,0.577,3.525,0.1637
70,0.577,3.525,0.1637
71,0.577,3.508,0.1645
72,0.577,3.499,0.1649
73,0.577,3.495,0.1651
74,0.577,3.487,0.1655
75,0.577,3.483,0.1657
76,0.576,3.478,0.1656
77,0.576,3.474,0.1658
78,0.576,3.457,0.1666
79,0.576,3.457,0.1666
80,0.576,3.453,0.1668
81,0.576,3.449,0.167
82,0.576,3.449,0.167
83,0.575,3.426,0.1678
84,0.575,3.422,0.168
85,0.575,3.417,0.1683
86,0.575,3.413,0.1685
87,0.575,3.402,0.169
88,0.575,3.398,0.1692
89,0.575,3.393,0.1695
90,0.574,3.389,0.1694
91,0.574,3.389,0.1694
92,0.574,3.381,0.1698
93,0.574,3.376,0.17
94,0.574,3.372,0.1702
95,0.574,3.372,0.1702
96,0.574,3.368,0.1704
97,0.574,3.364,0.1706
98,0.574,3.359,0.1709
99,0.575,3.355,0.1714
100,0.575,3.355,0.1714
101,0.575,3.351,0.1716
102,0.575,3.351,0.1716
103,0.575,3.347,0.1718
104,0.575,3.342,0.1721
105,0.575,3.335,0.1724
106,0.575,3.327,0.1728
107,0.575,3.323,0.173
108,0.574,3.318,0.173
109,0.574,3.314,0.1732
110,0.574,3.296,0.1742
111,0.574,3.292,0.1744
112,0.574,3.288,0.1746
113,0.574,3.284,0.1748
114,0.574,3.284,0.1748
115,0.573,3.279,0.1747
116,0.573,3.279,0.1747
117,0.573,3.279,0.1747
118,0.573,3.275,0.175
119,0.573,3.275,0.175
120,0.573,3.271,0.1752
121,0.573,3.266,0.1754
122,0.573,3.262,0.1757
123,0.573,3.258,0.1759
124,0.573,3.258,0.1759
125,0.573,3.254,0.1761
126,0.573,3.249,0.1764
127,0.573,3.245,0.1766
128,0.573,3.24,0.1769
129,0.573,3.24,0.1769
130,0.573,3.24,0.1769
131,0.573,3.236,0.1771
132,0.573,3.232,0.1773
133,0.573,3.227,0.1776
134,0.573,3.223,0.1778
135,0.573,3.218,0.1781
136,0.573,3.214,0.1783
137,0.573,3.214,0.1783
138,0.573,3.214,0.1783
139,0.573,3.214,0.1783
140,0.573,3.21,0.1785
141,0.573,3.205,0.1788
142,0.573,3.205,0.1788
143,0.573,3.205,0.1788
144,0.573,3.201,0.179
145,0.573,3.201,0.179
146,0.573,3.197,0.1792
147,0.573,3.197,0.1792
148,0.573,3.193,0.1795
149,0.573,3.188,0.1797
150,0.573,3.184,0.18
151,0.573,3.179,0.1802
152,0.573,3.175,0.1805
153,0.573,3.171,0.1807
154,0.573,3.167,0.1809
155,0.573,3.167,0.1809
156,0.573,3.162,0.1812
157,0.573,3.162,0.1812
158,0.573,3.158,0.1814
159,0.573,3.158,0.1814
160,0.573,3.154,0.1817
161,0.573,3.154,0.1817
162,0.573,3.15,0.1819
163,0.573,3.145,0.1822
164,0.573,3.141,0.1824
165,0.573,3.141,0.1824
166,0.574,3.137,0.183
167,0.574,3.133,0.1832
168,0.574,3.128,0.1835
169,0.574,3.124,0.1837
170,0.574,3.12,0.184
171,0.574,3.116,0.1842
172,0.574,3.111,0.1845
173,0.574,3.111,0.1845
174,0.574,3.107,0.1847
175,0.574,3.102,0.185
176,0.574,3.098,0.1853
177,0.574,3.093,0.1856
178,0.574,3.089,0.1858
179,0.574,3.084,0.1861
180,0.574,3.084,0.1861
181,0.574,3.084,0.1861
182,0.574,3.084,0.1861
183,0.574,3.084,0.1861
184,0.574,3.084,0.1861
185,0.574,3.084,0.1861
186,0.574,3.08,0.1864
187,0.574,3.075,0.1867
188,0.574,3.075,0.1867
189,0.574,3.071,0.1869
190,0.574,3.067,0.1872
191,0.574,3.062,0.1875
192,0.574,3.062,0.1875
193,0.574,3.058,0.1877
194,0.574,3.058,0.1877
195,0.574,3.058,0.1877
196,0.574,3.053,0.188
197,0.574,3.049,0.1883
198,0.574,3.045,0.1885
199,0.574,3.045,0.1885
200,0.574,3.04,0.1888
201,0.574,3.036,0.1891
202,0.574,3.031,0.1894
203,0.574,3.027,0.1896
204,0.574,3.027,0.1896
205,0.574,3.027,0.1896
206,0.574,3.027,0.1896
207,0.574,3.027,0.1896
208,0.574,3.023,0.1899
209,0.574,3.019,0.1901
210,0.574,3.019,0.1901
211,0.574,3.019,0.1901
212,0.574,3.019,0.1901
213,0.574,3.019,0.1901
214,0.574,3.014,0.1904
215,0.574,3.014,0.1904
216,0.574,3.014,0.1904
217,0.574,3.014,0.1904
218,0.574,3.014,0.1904
219,0.575,3.01,0.191
220,0.575,3.006,0.1913
221,0.575,3.006,0.1913
222,0.575,3.006,0.1913
223,0.575,3.006,0.1913
224,0.575,3.006,0.1913
225,0.575,3.006,0.1913
226,0.575,3.006,0.1913
227,0.575,3.001,0.1916
228,0.575,3.001,0.1916
229,0.575,3.001,0.1916
230,0.575,3.001,0.1916
231,0.575,2.997,0.1919
232,0.575,2.992,0.1922
233,0.575,2.988,0.1924
234,0.575,2.988,0.1924
235,0.575,2.984,0.1927
236,0.575,2.98,0.193
237,0.575,2.98,0.193
238,0.576,2.975,0.1936
239,0.576,2.971,0.1939
240,0.576,2.971,0.1939
241,0.576,2.971,0.1939
242,0.576,2.966,0.1942
243,0.576,2.966,0.1942
244,0.576,2.966,0.1942
245,0.576,2.962,0.1945
246,0.576,2.958,0.1947
247,0.577,2.953,0.1954
248,0.577,2.953,0.1954
249,0.577,2.949,0.1957
250,0.577,2.944,0.196
251,0.577,2.944,0.196
252,0.577,2.94,0.1963
253,0.577,2.94,0.1963
254,0.577,2.94,0.1963
255,0.577,2.94,0.1963
256,0.577,2.936,0.1965
257,0.577,2.931,0.1969
258,0.577,2.931,0.1969
259,0.577,2.931,0.1969
260,0.577,2.931,0.1969
261,0.577,2.927,0.1971
262,0.577,2.927,0.1971
263,0.577,2.927,0.1971
264,0.577,2.927,0.1971
265,0.577,2.927,0.1971
266,0.578,2.923,0.1977
267,0.578,2.919,0.198
268,0.578,2.914,0.1984
269,0.578,2.914,0.1984
270,0.578,2.91,0.1986
271,0.578,2.91,0.1986
272,0.578,2.91,0.1986
273,0.578,2.905,0.199
274,0.578,2.905,0.199
275,0.578,2.905,0.199
276,0.579,2.901,0.1996
277,0.579,2.901,0.1996
278,0.579,2.896,0.1999
279,0.579,2.892,0.2002
280,0.58,2.888,0.2008
281,0.58,2.888,0.2008
282,0.58,2.883,0.2012
283,0.58,2.883,0.2012
284,0.58,2.879,0.2015
285,0.58,2.879,0.2015
286,0.58,2.874,0.2018
287,0.581,2.87,0.2024
288,0.581,2.87,0.2024
289,0.581,2.866,0.2027
290,0.581,2.861,0.2031
