no.,acc,apl,small_worldness
0,0.593,6.96,0.0852
1,0.592,6.691,0.0885
2,0.591,6.396,0.0924
3,0.59,6.232,0.0947
4,0.59,6.058,0.0974
5,0.589,5.838,0.1009
6,0.589,5.719,0.103
7,0.588,5.529,0.1063
8,0.588,5.457,0.1078
9,0.587,5.377,0.1092
10,0.587,5.308,0.1106
11,0.587,5.203,0.1128
12,0.587,5.144,0.1141
13,0.587,5.002,0.1174
14,0.586,4.966,0.118
15,0.586,4.956,0.1182
16,0.586,4.927,0.1189
17,0.585,4.889,0.1197
18,0.585,4.835,0.121
19,0.585,4.82,0.1214
20,0.585,4.626,0.1265
21,0.585,4.582,0.1277
22,0.585,4.578,0.1278
23,0.585,4.538,0.1289
24,0.584,4.531,0.1289
25,0.584,4.515,0.1293
26,0.584,4.497,0.1299
27,0.584,4.493,0.13
28,0.584,4.448,0.1313
29,0.584,4.444,0.1314
30,0.584,4.399,0.1328
31,0.584,4.386,0.1332
32,0.584,4.329,0.1349
33,0.583,4.298,0.1356
34,0.583,4.298,0.1356
35,0.583,4.279,0.1362
36,0.584,4.275,0.1366
37,0.583,4.265,0.1367
38,0.583,4.238,0.1376
39,0.583,4.234,0.1377
40,0.583,4.207,0.1386
41,0.583,4.083,0.1428
42,0.583,4.06,0.1436
43,0.583,4.052,0.1439
44,0.583,4.041,0.1443
45,0.582,4.017,0.1449
46,0.582,3.998,0.1456
47,0.582,3.975,0.1464
48,0.582,3.968,0.1467
49,0.582,3.961,0.1469
50,0.582,3.926,0.1482
51,0.582,3.922,0.1484
52,0.581,3.918,0.1483
53,0.581,3.904,0.1488
54,0.58,3.87,0.1499
55,0.58,3.866,0.15
56,0.58,3.857,0.1504
57,0.58,3.852,0.1506
58,0.579,3.848,0.1505
59,0.579,3.833,0.1511
60,0.579,3.767,0.1537
61,0.579,3.762,0.1539
62,0.579,3.762,0.1539
63,0.579,3.758,0.1541
64,0.578,3.725,0.1552
65,0.578,3.721,0.1553
66,0.578,3.708,0.1559
67,0.578,3.684,0.1569
68,0.577,3.672,0.1571
69,0.577,3.652,0.158
70,0.577,3.644,0.1583
71,0.577,3.635,0.1587
72,0.577,3.631,0.1589
73,0.577,3.627,0.1591
74,0.577,3.596,0.1605
75,0.576,3.587,0.1606
76,0.577,3.583,0.161
77,0.577,3.579,0.1612
78,0.577,3.571,0.1616
79,0.577,3.543,0.1629
80,0.577,3.539,0.163
81,0.577,3.535,0.1632
82,0.577,3.531,0.1634
83,0.576,3.49,0.165
84,0.576,3.486,0.1652
85,0.576,3.444,0.1672
86,0.576,3.44,0.1674
87,0.576,3.44,0.1674
88,0.576,3.44,0.1674
89,0.576,3.44,0.1674
90,0.576,3.44,0.1674
91,0.575,3.436,0.1673
92,0.576,3.432,0.1678
93,0.575,3.419,0.1682
94,0.575,3.419,0.1682
95,0.575,3.407,0.1688
96,0.575,3.399,0.1692
97,0.575,3.399,0.1692
98,0.575,3.394,0.1694
99,0.575,3.381,0.1701
100,0.575,3.373,0.1705
101,0.575,3.369,0.1707
102,0.575,3.369,0.1707
103,0.575,3.365,0.1709
104,0.575,3.36,0.1711
105,0.575,3.36,0.1711
106,0.575,3.352,0.1715
107,0.575,3.352,0.1715
108,0.575,3.352,0.1715
109,0.575,3.352,0.1715
110,0.575,3.347,0.1718
111,0.575,3.343,0.172
112,0.575,3.339,0.1722
113,0.575,3.331,0.1726
114,0.575,3.32,0.1732
115,0.575,3.32,0.1732
116,0.575,3.32,0.1732
117,0.575,3.315,0.1735
118,0.575,3.311,0.1737
119,0.575,3.303,0.1741
120,0.575,3.299,0.1743
121,0.575,3.294,0.1746
122,0.575,3.294,0.1746
123,0.575,3.29,0.1748
124,0.575,3.29,0.1748
125,0.575,3.286,0.175
126,0.575,3.281,0.1753
127,0.575,3.277,0.1755
128,0.575,3.273,0.1757
129,0.575,3.269,0.1759
130,0.575,3.264,0.1762
131,0.576,3.26,0.1767
132,0.576,3.255,0.177
133,0.576,3.251,0.1772
134,0.576,3.251,0.1772
135,0.576,3.247,0.1774
136,0.576,3.247,0.1774
137,0.576,3.247,0.1774
138,0.576,3.242,0.1777
139,0.576,3.238,0.1779
140,0.576,3.234,0.1781
141,0.576,3.23,0.1783
142,0.576,3.23,0.1783
143,0.575,3.225,0.1783
144,0.575,3.225,0.1783
145,0.575,3.225,0.1783
146,0.575,3.225,0.1783
147,0.576,3.221,0.1788
148,0.576,3.221,0.1788
149,0.576,3.217,0.179
150,0.576,3.213,0.1793
151,0.576,3.208,0.1796
152,0.576,3.204,0.1798
153,0.576,3.204,0.1798
154,0.576,3.2,0.18
155,0.576,3.195,0.1803
156,0.576,3.191,0.1805
157,0.576,3.191,0.1805
158,0.576,3.187,0.1807
159,0.575,3.17,0.1814
160,0.575,3.161,0.1819
161,0.575,3.153,0.1824
162,0.575,3.153,0.1824
163,0.575,3.153,0.1824
164,0.575,3.148,0.1827
165,0.575,3.148,0.1827
166,0.575,3.144,0.1829
167,0.575,3.144,0.1829
168,0.575,3.136,0.1834
169,0.574,3.131,0.1833
170,0.574,3.127,0.1836
171,0.574,3.122,0.1839
172,0.575,3.118,0.1844
173,0.575,3.114,0.1846
174,0.575,3.109,0.1849
175,0.575,3.109,0.1849
176,0.575,3.105,0.1852
177,0.575,3.101,0.1854
178,0.575,3.096,0.1857
179,0.575,3.092,0.186
180,0.575,3.088,0.1862
181,0.575,3.08,0.1867
182,0.575,3.08,0.1867
183,0.575,3.075,0.187
184,0.575,3.075,0.187
185,0.575,3.075,0.187
186,0.576,3.071,0.1876
187,0.575,3.067,0.1875
188,0.575,3.067,0.1875
189,0.576,3.063,0.1881
190,0.576,3.058,0.1884
191,0.576,3.054,0.1886
192,0.576,3.054,0.1886
193,0.576,3.054,0.1886
194,0.576,3.054,0.1886
195,0.576,3.054,0.1886
196,0.576,3.05,0.1889
197,0.576,3.05,0.1889
198,0.576,3.045,0.1892
199,0.576,3.041,0.1894
200,0.576,3.037,0.1897
201,0.576,3.037,0.1897
202,0.576,3.037,0.1897
203,0.576,3.037,0.1897
204,0.576,3.037,0.1897
205,0.576,3.037,0.1897
206,0.576,3.032,0.19
207,0.576,3.027,0.1903
208,0.576,3.023,0.1905
209,0.576,3.019,0.1908
210,0.576,3.019,0.1908
211,0.576,3.014,0.1911
212,0.576,3.01,0.1914
213,0.576,3.006,0.1916
214,0.577,3.001,0.1923
215,0.577,2.996,0.1926
216,0.577,2.996,0.1926
217,0.577,2.992,0.1928
218,0.577,2.992,0.1928
219,0.577,2.988,0.1931
220,0.577,2.983,0.1934
221,0.576,2.974,0.1937
222,0.576,2.974,0.1937
223,0.576,2.969,0.194
224,0.576,2.965,0.1943
225,0.576,2.961,0.1945
226,0.576,2.957,0.1948
227,0.576,2.957,0.1948
228,0.576,2.952,0.1951
229,0.576,2.952,0.1951
230,0.577,2.948,0.1957
231,0.577,2.948,0.1957
232,0.577,2.948,0.1957
233,0.577,2.948,0.1957
234,0.577,2.943,0.1961
235,0.577,2.939,0.1963
236,0.577,2.935,0.1966
237,0.577,2.93,0.1969
238,0.578,2.926,0.1975
239,0.578,2.921,0.1979
240,0.578,2.921,0.1979
241,0.578,2.921,0.1979
242,0.578,2.921,0.1979
243,0.578,2.916,0.1982
244,0.578,2.916,0.1982
245,0.578,2.912,0.1985
246,0.579,2.908,0.1991
247,0.579,2.908,0.1991
248,0.579,2.908,0.1991
249,0.579,2.904,0.1994
250,0.579,2.899,0.1997
251,0.579,2.899,0.1997
252,0.579,2.895,0.2
253,0.579,2.895,0.2
254,0.579,2.891,0.2003
255,0.579,2.886,0.2006
256,0.579,2.882,0.2009
257,0.58,2.878,0.2015
258,0.58,2.878,0.2015
259,0.58,2.873,0.2019
260,0.58,2.869,0.2022
261,0.58,2.869,0.2022
262,0.58,2.864,0.2025
263,0.581,2.86,0.2031
264,0.581,2.856,0.2034
265,0.581,2.851,0.2038
