no.,acc,apl,small_worldness
0,0.593,6.96,0.0852
1,0.592,6.757,0.0876
2,0.591,6.688,0.0884
3,0.59,6.634,0.0889
4,0.59,6.294,0.0937
5,0.59,6.131,0.0962
6,0.589,5.749,0.1025
7,0.589,5.614,0.1049
8,0.589,5.48,0.1075
9,0.588,5.177,0.1136
10,0.588,5.143,0.1143
11,0.588,5.135,0.1145
12,0.588,5.052,0.1164
13,0.588,4.925,0.1194
14,0.587,4.786,0.1226
15,0.587,4.72,0.1244
16,0.587,4.709,0.1247
17,0.586,4.663,0.1257
18,0.586,4.628,0.1266
19,0.586,4.628,0.1266
20,0.586,4.588,0.1277
21,0.586,4.575,0.1281
22,0.586,4.483,0.1307
23,0.585,4.461,0.1311
24,0.585,4.411,0.1326
25,0.585,4.364,0.1341
26,0.585,4.357,0.1343
27,0.585,4.353,0.1344
28,0.585,4.316,0.1355
29,0.584,4.245,0.1376
30,0.584,4.229,0.1381
31,0.584,4.193,0.1393
32,0.584,4.189,0.1394
33,0.584,4.174,0.1399
34,0.584,4.166,0.1402
35,0.583,4.146,0.1406
36,0.583,4.123,0.1414
37,0.583,4.119,0.1415
38,0.583,4.026,0.1448
39,0.583,3.985,0.1463
40,0.582,3.959,0.147
41,0.582,3.936,0.1479
42,0.582,3.914,0.1487
43,0.582,3.886,0.1498
44,0.581,3.848,0.151
45,0.581,3.844,0.1511
46,0.581,3.84,0.1513
47,0.581,3.835,0.1515
48,0.581,3.803,0.1528
49,0.581,3.803,0.1528
50,0.58,3.787,0.1532
51,0.58,3.787,0.1532
52,0.58,3.761,0.1542
53,0.58,3.734,0.1553
54,0.579,3.725,0.1554
55,0.579,3.721,0.1556
56,0.579,3.7,0.1565
57,0.579,3.696,0.1567
58,0.579,3.692,0.1568
59,0.579,3.67,0.1578
60,0.579,3.666,0.1579
61,0.578,3.655,0.1581
62,0.578,3.644,0.1586
63,0.578,3.611,0.1601
64,0.578,3.602,0.1605
65,0.578,3.595,0.1608
66,0.577,3.57,0.1616
67,0.577,3.566,0.1618
68,0.577,3.562,0.162
69,0.577,3.562,0.162
70,0.577,3.549,0.1626
71,0.577,3.535,0.1632
72,0.577,3.53,0.1635
73,0.577,3.526,0.1636
74,0.577,3.522,0.1638
75,0.577,3.515,0.1642
76,0.577,3.51,0.1644
77,0.577,3.506,0.1646
78,0.577,3.498,0.165
79,0.577,3.498,0.165
80,0.576,3.494,0.1649
81,0.576,3.494,0.1649
82,0.576,3.49,0.165
83,0.576,3.485,0.1653
84,0.576,3.481,0.1655
85,0.576,3.477,0.1657
86,0.576,3.462,0.1664
87,0.576,3.458,0.1666
88,0.576,3.454,0.1668
89,0.576,3.45,0.167
90,0.576,3.445,0.1672
91,0.576,3.445,0.1672
92,0.576,3.441,0.1674
93,0.576,3.437,0.1676
94,0.575,3.432,0.1675
95,0.575,3.428,0.1677
96,0.575,3.424,0.1679
97,0.575,3.424,0.1679
98,0.575,3.419,0.1682
99,0.575,3.415,0.1684
100,0.575,3.415,0.1684
101,0.575,3.411,0.1686
102,0.575,3.398,0.1692
103,0.575,3.381,0.1701
104,0.575,3.381,0.1701
105,0.575,3.376,0.1703
106,0.574,3.372,0.1702
107,0.574,3.355,0.1711
108,0.574,3.351,0.1713
109,0.574,3.351,0.1713
110,0.574,3.34,0.1719
111,0.574,3.335,0.1721
112,0.574,3.335,0.1721
113,0.574,3.331,0.1723
114,0.574,3.331,0.1723
115,0.574,3.327,0.1725
116,0.574,3.323,0.1727
117,0.574,3.318,0.173
118,0.574,3.314,0.1732
119,0.574,3.307,0.1736
120,0.574,3.307,0.1736
121,0.574,3.307,0.1736
122,0.574,3.302,0.1738
123,0.574,3.302,0.1738
124,0.574,3.298,0.174
125,0.574,3.294,0.1743
126,0.574,3.29,0.1745
127,0.574,3.281,0.1749
128,0.574,3.281,0.1749
129,0.574,3.281,0.1749
130,0.574,3.277,0.1752
131,0.574,3.262,0.176
132,0.574,3.253,0.1765
133,0.574,3.253,0.1765
134,0.574,3.253,0.1765
135,0.574,3.249,0.1767
136,0.574,3.245,0.1769
137,0.573,3.241,0.1768
138,0.573,3.236,0.1771
139,0.573,3.232,0.1773
140,0.574,3.228,0.1778
141,0.574,3.223,0.1781
142,0.574,3.219,0.1783
143,0.574,3.219,0.1783
144,0.574,3.21,0.1788
145,0.574,3.206,0.179
146,0.574,3.202,0.1793
147,0.574,3.198,0.1795
148,0.574,3.198,0.1795
149,0.574,3.198,0.1795
150,0.574,3.198,0.1795
151,0.574,3.193,0.1798
152,0.574,3.188,0.1801
153,0.574,3.184,0.1803
154,0.574,3.184,0.1803
155,0.574,3.18,0.1805
156,0.574,3.176,0.1807
157,0.574,3.176,0.1807
158,0.573,3.171,0.1807
159,0.573,3.167,0.1809
160,0.573,3.167,0.1809
161,0.573,3.162,0.1812
162,0.573,3.158,0.1814
163,0.573,3.154,0.1817
164,0.573,3.149,0.182
165,0.573,3.149,0.182
166,0.573,3.145,0.1822
167,0.573,3.141,0.1824
168,0.574,3.129,0.1834
169,0.574,3.125,0.1837
170,0.574,3.121,0.1839
171,0.574,3.121,0.1839
172,0.574,3.116,0.1842
173,0.574,3.116,0.1842
174,0.574,3.112,0.1844
175,0.574,3.112,0.1844
176,0.574,3.108,0.1847
177,0.574,3.108,0.1847
178,0.574,3.104,0.1849
179,0.574,3.104,0.1849
180,0.574,3.104,0.1849
181,0.574,3.1,0.1852
182,0.574,3.1,0.1852
183,0.574,3.095,0.1855
184,0.574,3.091,0.1857
185,0.574,3.087,0.1859
186,0.574,3.087,0.1859
187,0.574,3.082,0.1862
188,0.574,3.082,0.1862
189,0.574,3.078,0.1865
190,0.574,3.074,0.1867
191,0.575,3.069,0.1874
192,0.575,3.065,0.1876
193,0.575,3.049,0.1886
194,0.575,3.049,0.1886
195,0.575,3.045,0.1888
196,0.575,3.045,0.1888
197,0.575,3.041,0.1891
198,0.575,3.041,0.1891
199,0.575,3.041,0.1891
200,0.575,3.036,0.1894
201,0.575,3.032,0.1896
202,0.575,3.032,0.1896
203,0.575,3.032,0.1896
204,0.575,3.028,0.1899
205,0.575,3.028,0.1899
206,0.575,3.023,0.1902
207,0.575,3.019,0.1905
208,0.575,3.014,0.1908
209,0.575,3.014,0.1908
210,0.575,3.014,0.1908
211,0.575,3.01,0.191
212,0.575,3.006,0.1913
213,0.575,3.001,0.1916
214,0.576,2.997,0.1922
215,0.576,2.993,0.1924
216,0.576,2.988,0.1928
217,0.576,2.984,0.193
218,0.576,2.984,0.193
219,0.576,2.979,0.1934
220,0.576,2.975,0.1936
221,0.576,2.975,0.1936
222,0.576,2.975,0.1936
223,0.577,2.97,0.1943
224,0.577,2.97,0.1943
225,0.577,2.966,0.1945
226,0.577,2.962,0.1948
227,0.577,2.962,0.1948
228,0.577,2.962,0.1948
229,0.577,2.957,0.1951
230,0.577,2.957,0.1951
231,0.577,2.957,0.1951
232,0.577,2.953,0.1954
233,0.577,2.953,0.1954
234,0.577,2.949,0.1957
235,0.577,2.944,0.196
236,0.577,2.944,0.196
237,0.578,2.94,0.1966
238,0.578,2.935,0.1969
239,0.578,2.931,0.1972
240,0.578,2.931,0.1972
241,0.578,2.927,0.1975
242,0.578,2.927,0.1975
243,0.578,2.927,0.1975
244,0.578,2.922,0.1978
245,0.578,2.918,0.1981
246,0.578,2.918,0.1981
247,0.578,2.913,0.1984
248,0.578,2.909,0.1987
249,0.578,2.909,0.1987
250,0.578,2.909,0.1987
251,0.578,2.909,0.1987
252,0.578,2.904,0.199
253,0.578,2.9,0.1993
254,0.578,2.9,0.1993
255,0.578,2.9,0.1993
256,0.579,2.896,0.1999
257,0.579,2.896,0.1999
258,0.579,2.896,0.1999
259,0.579,2.896,0.1999
260,0.579,2.891,0.2003
261,0.579,2.887,0.2006
262,0.579,2.882,0.2009
263,0.579,2.878,0.2012
264,0.579,2.878,0.2012
265,0.579,2.873,0.2015
266,0.579,2.873,0.2015
267,0.579,2.864,0.2022
268,0.579,2.86,0.2024
269,0.579,2.86,0.2024
270,0.579,2.86,0.2024
271,0.579,2.86,0.2024
272,0.58,2.855,0.2032
273,0.579,2.851,0.2031
