no.,acc,apl,small_worldness
0,0.593,6.96,0.0852
1,0.592,6.653,0.089
2,0.591,6.48,0.0912
3,0.591,6.137,0.0963
4,0.59,5.879,0.1004
5,0.59,5.612,0.1051
6,0.589,5.53,0.1065
7,0.589,5.41,0.1089
8,0.589,5.379,0.1095
9,0.589,5.379,0.1095
10,0.588,5.281,0.1113
11,0.588,5.228,0.1125
12,0.588,5.099,0.1153
13,0.588,5.035,0.1168
14,0.587,4.957,0.1184
15,0.586,4.859,0.1206
16,0.586,4.794,0.1222
17,0.586,4.754,0.1233
18,0.586,4.729,0.1239
19,0.585,4.676,0.1251
20,0.585,4.563,0.1282
21,0.585,4.48,0.1306
22,0.584,4.46,0.1309
23,0.584,4.436,0.1317
24,0.584,4.313,0.1354
25,0.584,4.276,0.1366
26,0.584,4.257,0.1372
27,0.584,4.219,0.1384
28,0.583,4.173,0.1397
29,0.583,4.125,0.1413
30,0.583,4.121,0.1415
31,0.583,4.114,0.1417
32,0.582,4.11,0.1416
33,0.582,4.102,0.1419
34,0.582,4.102,0.1419
35,0.582,4.077,0.1428
36,0.582,4.073,0.1429
37,0.582,4.073,0.1429
38,0.582,4.073,0.1429
39,0.582,4.069,0.143
40,0.582,4.06,0.1433
41,0.581,4.053,0.1434
42,0.581,4.053,0.1434
43,0.581,4.045,0.1436
44,0.581,4.04,0.1438
45,0.581,4.024,0.1444
46,0.58,4.02,0.1443
47,0.58,3.974,0.1459
48,0.58,3.918,0.148
49,0.58,3.914,0.1482
50,0.58,3.883,0.1494
51,0.579,3.862,0.1499
52,0.579,3.849,0.1504
53,0.579,3.845,0.1506
54,0.579,3.841,0.1507
55,0.579,3.819,0.1516
56,0.579,3.808,0.152
57,0.579,3.798,0.1524
58,0.579,3.793,0.1526
59,0.578,3.789,0.1525
60,0.578,3.789,0.1525
61,0.578,3.789,0.1525
62,0.578,3.789,0.1525
63,0.578,3.757,0.1538
64,0.578,3.744,0.1544
65,0.578,3.73,0.155
66,0.578,3.7,0.1562
67,0.578,3.696,0.1564
68,0.578,3.674,0.1573
69,0.577,3.654,0.1579
70,0.577,3.643,0.1584
71,0.577,3.627,0.1591
72,0.577,3.623,0.1593
73,0.577,3.615,0.1596
74,0.577,3.606,0.16
75,0.577,3.602,0.1602
76,0.577,3.598,0.1604
77,0.577,3.593,0.1606
78,0.577,3.593,0.1606
79,0.577,3.589,0.1608
80,0.576,3.557,0.1619
81,0.576,3.546,0.1624
82,0.576,3.538,0.1628
83,0.576,3.533,0.163
84,0.577,3.529,0.1635
85,0.576,3.517,0.1638
86,0.576,3.51,0.1641
87,0.576,3.503,0.1644
88,0.576,3.483,0.1654
89,0.576,3.479,0.1656
90,0.576,3.474,0.1658
91,0.576,3.47,0.166
92,0.576,3.466,0.1662
93,0.576,3.462,0.1664
94,0.575,3.457,0.1663
95,0.575,3.453,0.1665
96,0.575,3.44,0.1672
97,0.575,3.436,0.1673
98,0.574,3.389,0.1694
99,0.575,3.384,0.1699
100,0.575,3.38,0.1701
101,0.575,3.375,0.1704
102,0.575,3.368,0.1707
103,0.575,3.368,0.1707
104,0.575,3.349,0.1717
105,0.575,3.345,0.1719
106,0.575,3.345,0.1719
107,0.575,3.34,0.1722
108,0.575,3.336,0.1724
109,0.575,3.331,0.1726
110,0.575,3.316,0.1734
111,0.575,3.316,0.1734
112,0.574,3.303,0.1738
113,0.574,3.298,0.174
114,0.574,3.298,0.174
115,0.574,3.294,0.1743
116,0.574,3.29,0.1745
117,0.574,3.29,0.1745
118,0.574,3.285,0.1747
119,0.574,3.27,0.1755
120,0.574,3.27,0.1755
121,0.574,3.266,0.1758
122,0.574,3.261,0.176
123,0.574,3.257,0.1762
124,0.574,3.253,0.1765
125,0.574,3.249,0.1767
126,0.574,3.241,0.1771
127,0.574,3.236,0.1774
128,0.574,3.232,0.1776
129,0.574,3.228,0.1778
130,0.574,3.224,0.178
131,0.574,3.22,0.1783
132,0.574,3.215,0.1785
133,0.574,3.211,0.1788
134,0.574,3.207,0.179
135,0.574,3.203,0.1792
136,0.574,3.203,0.1792
137,0.574,3.199,0.1794
138,0.574,3.194,0.1797
139,0.574,3.19,0.1799
140,0.574,3.186,0.1802
141,0.574,3.182,0.1804
142,0.574,3.178,0.1806
143,0.574,3.178,0.1806
144,0.574,3.178,0.1806
145,0.574,3.173,0.1809
146,0.574,3.169,0.1811
147,0.574,3.165,0.1814
148,0.574,3.165,0.1814
149,0.574,3.165,0.1814
150,0.574,3.161,0.1816
151,0.574,3.157,0.1818
152,0.574,3.152,0.1821
153,0.574,3.148,0.1823
154,0.574,3.148,0.1823
155,0.574,3.148,0.1823
156,0.575,3.14,0.1831
157,0.575,3.14,0.1831
158,0.575,3.135,0.1834
159,0.575,3.131,0.1836
160,0.575,3.131,0.1836
161,0.575,3.131,0.1836
162,0.575,3.127,0.1839
163,0.575,3.122,0.1842
164,0.574,3.118,0.1841
165,0.574,3.118,0.1841
166,0.574,3.114,0.1843
167,0.574,3.109,0.1846
168,0.574,3.109,0.1846
169,0.574,3.109,0.1846
170,0.574,3.109,0.1846
171,0.574,3.104,0.1849
172,0.574,3.1,0.1852
173,0.574,3.1,0.1852
174,0.574,3.096,0.1854
175,0.574,3.092,0.1856
176,0.574,3.088,0.1859
177,0.574,3.088,0.1859
178,0.574,3.083,0.1862
179,0.574,3.083,0.1862
180,0.574,3.079,0.1864
181,0.574,3.075,0.1867
182,0.574,3.075,0.1867
183,0.574,3.07,0.187
184,0.574,3.065,0.1873
185,0.574,3.061,0.1875
186,0.574,3.056,0.1878
187,0.574,3.056,0.1878
188,0.574,3.052,0.1881
189,0.574,3.052,0.1881
190,0.574,3.047,0.1884
191,0.574,3.047,0.1884
192,0.574,3.043,0.1886
193,0.574,3.038,0.1889
194,0.574,3.038,0.1889
195,0.574,3.034,0.1892
196,0.574,3.029,0.1895
197,0.574,3.029,0.1895
198,0.574,3.025,0.1898
199,0.574,3.025,0.1898
200,0.575,3.021,0.1903
201,0.575,3.017,0.1906
202,0.575,3.012,0.1909
203,0.575,3.012,0.1909
204,0.575,3.008,0.1912
205,0.575,3.003,0.1915
206,0.575,3.003,0.1915
207,0.575,2.999,0.1917
208,0.575,2.999,0.1917
209,0.575,2.994,0.1921
210,0.575,2.99,0.1923
211,0.575,2.986,0.1926
212,0.575,2.981,0.1929
213,0.575,2.977,0.1931
214,0.575,2.972,0.1935
215,0.575,2.972,0.1935
216,0.575,2.972,0.1935
217,0.575,2.972,0.1935
218,0.575,2.968,0.1937
219,0.576,2.964,0.1943
220,0.576,2.959,0.1947
221,0.576,2.959,0.1947
222,0.576,2.955,0.1949
223,0.576,2.95,0.1953
224,0.576,2.95,0.1953
225,0.577,2.946,0.1959
226,0.577,2.942,0.1961
227,0.577,2.942,0.1961
228,0.577,2.942,0.1961
229,0.577,2.942,0.1961
230,0.577,2.937,0.1965
231,0.577,2.933,0.1967
232,0.577,2.933,0.1967
233,0.577,2.928,0.1971
234,0.577,2.928,0.1971
235,0.577,2.928,0.1971
236,0.577,2.928,0.1971
237,0.577,2.928,0.1971
238,0.577,2.928,0.1971
239,0.578,2.924,0.1977
240,0.578,2.92,0.1979
241,0.578,2.915,0.1983
242,0.578,2.915,0.1983
243,0.578,2.915,0.1983
244,0.578,2.911,0.1986
245,0.578,2.911,0.1986
246,0.578,2.906,0.1989
247,0.578,2.906,0.1989
248,0.578,2.906,0.1989
249,0.578,2.902,0.1992
250,0.578,2.902,0.1992
251,0.578,2.902,0.1992
252,0.578,2.902,0.1992
253,0.578,2.898,0.1994
254,0.579,2.894,0.2001
255,0.579,2.894,0.2001
256,0.579,2.894,0.2001
257,0.579,2.889,0.2004
258,0.579,2.885,0.2007
259,0.579,2.88,0.201
260,0.579,2.876,0.2013
261,0.579,2.876,0.2013
262,0.58,2.872,0.2019
263,0.58,2.867,0.2023
264,0.58,2.863,0.2026
265,0.58,2.859,0.2029
266,0.58,2.854,0.2032
267,0.58,2.854,0.2032
268,0.58,2.854,0.2032
269,0.58,2.854,0.2032
270,0.581,2.85,0.2039
