no.,acc,apl,small_worldness
0,0.593,6.96,0.0852
1,0.592,6.67,0.0888
2,0.592,6.646,0.0891
3,0.592,6.435,0.092
4,0.591,6.032,0.098
5,0.59,6.0,0.0983
6,0.59,5.966,0.0989
7,0.589,5.901,0.0998
8,0.588,5.729,0.1026
9,0.588,5.652,0.104
10,0.588,5.636,0.1043
11,0.587,5.599,0.1048
12,0.587,5.595,0.1049
13,0.587,5.498,0.1068
14,0.586,5.432,0.1079
15,0.586,5.201,0.1127
16,0.586,5.147,0.1139
17,0.585,5.069,0.1154
18,0.585,5.043,0.116
19,0.584,4.956,0.1178
20,0.584,4.927,0.1185
21,0.583,4.868,0.1198
22,0.582,4.839,0.1203
23,0.582,4.779,0.1218
24,0.582,4.72,0.1233
25,0.581,4.717,0.1232
26,0.581,4.7,0.1236
27,0.581,4.682,0.1241
28,0.58,4.639,0.125
29,0.58,4.633,0.1252
30,0.579,4.616,0.1254
31,0.579,4.609,0.1256
32,0.578,4.588,0.126
33,0.577,4.565,0.1264
34,0.576,4.556,0.1264
35,0.576,4.536,0.127
36,0.575,4.523,0.1271
37,0.575,4.491,0.128
38,0.575,4.483,0.1283
39,0.574,4.465,0.1286
40,0.574,4.455,0.1288
41,0.573,4.426,0.1295
42,0.573,4.419,0.1297
43,0.572,4.379,0.1306
44,0.572,4.377,0.1307
45,0.571,4.36,0.131
46,0.571,4.358,0.131
47,0.571,4.341,0.1315
48,0.57,4.33,0.1316
49,0.569,4.312,0.132
50,0.569,4.289,0.1327
51,0.569,4.284,0.1328
52,0.568,4.275,0.1329
53,0.567,4.263,0.133
54,0.567,4.255,0.1333
55,0.566,4.248,0.1332
56,0.566,4.234,0.1337
57,0.566,4.234,0.1337
58,0.566,4.221,0.1341
59,0.565,4.202,0.1345
60,0.565,4.187,0.1349
61,0.564,4.177,0.135
62,0.564,4.17,0.1353
63,0.564,4.166,0.1354
64,0.563,4.151,0.1356
65,0.563,4.136,0.1361
66,0.562,4.103,0.137
67,0.562,4.099,0.1371
68,0.561,4.094,0.137
69,0.561,4.089,0.1372
70,0.56,4.083,0.1372
71,0.56,4.068,0.1377
72,0.56,4.056,0.1381
73,0.559,4.049,0.1381
74,0.559,4.037,0.1385
75,0.558,4.025,0.1386
76,0.558,4.021,0.1388
77,0.557,4.008,0.139
78,0.556,3.997,0.1391
79,0.556,3.988,0.1394
80,0.555,3.977,0.1396
81,0.555,3.965,0.14
82,0.554,3.959,0.1399
83,0.554,3.951,0.1402
84,0.554,3.948,0.1403
85,0.553,3.941,0.1403
86,0.553,3.941,0.1403
87,0.553,3.934,0.1406
88,0.552,3.928,0.1405
89,0.552,3.915,0.141
90,0.552,3.913,0.1411
91,0.551,3.908,0.141
92,0.551,3.9,0.1413
93,0.55,3.892,0.1413
94,0.55,3.891,0.1414
95,0.55,3.887,0.1415
96,0.549,3.876,0.1416
97,0.549,3.873,0.1418
98,0.548,3.867,0.1417
99,0.548,3.855,0.1422
100,0.548,3.852,0.1423
101,0.547,3.847,0.1422
102,0.547,3.841,0.1424
103,0.546,3.838,0.1423
104,0.546,3.829,0.1426
105,0.546,3.825,0.1427
106,0.545,3.817,0.1428
107,0.545,3.815,0.1429
108,0.545,3.803,0.1433
109,0.544,3.797,0.1433
110,0.543,3.783,0.1435
111,0.542,3.777,0.1435
112,0.541,3.773,0.1434
113,0.541,3.76,0.1439
114,0.54,3.751,0.144
115,0.54,3.742,0.1443
116,0.539,3.735,0.1443
117,0.539,3.73,0.1445
118,0.538,3.723,0.1445
119,0.538,3.715,0.1448
120,0.538,3.709,0.1451
121,0.537,3.703,0.145
122,0.537,3.697,0.1453
123,0.537,3.692,0.1454
124,0.536,3.685,0.1455
125,0.536,3.68,0.1457
126,0.535,3.679,0.1454
127,0.535,3.673,0.1457
128,0.535,3.673,0.1457
129,0.534,3.668,0.1456
130,0.534,3.661,0.1459
131,0.533,3.652,0.1459
132,0.533,3.647,0.1461
133,0.532,3.642,0.1461
134,0.532,3.637,0.1463
135,0.531,3.635,0.1461
136,0.531,3.632,0.1462
137,0.53,3.629,0.146
138,0.53,3.627,0.1461
139,0.529,3.622,0.1461
140,0.529,3.621,0.1461
141,0.529,3.618,0.1462
142,0.528,3.614,0.1461
143,0.527,3.611,0.1459
144,0.527,3.605,0.1462
145,0.526,3.6,0.1461
146,0.526,3.597,0.1462
147,0.526,3.592,0.1464
148,0.525,3.586,0.1464
149,0.525,3.584,0.1465
150,0.525,3.577,0.1468
151,0.524,3.576,0.1465
152,0.524,3.573,0.1467
153,0.524,3.567,0.1469
154,0.523,3.567,0.1466
155,0.523,3.559,0.147
156,0.522,3.555,0.1468
157,0.522,3.553,0.1469
158,0.521,3.549,0.1468
159,0.52,3.545,0.1467
160,0.52,3.54,0.1469
161,0.519,3.537,0.1467
162,0.519,3.535,0.1468
163,0.519,3.533,0.1469
164,0.518,3.53,0.1467
165,0.518,3.525,0.147
166,0.517,3.521,0.1468
167,0.517,3.516,0.147
168,0.516,3.513,0.1469
169,0.516,3.509,0.1471
170,0.515,3.506,0.1469
171,0.515,3.498,0.1472
172,0.515,3.497,0.1473
173,0.514,3.496,0.147
174,0.514,3.491,0.1472
175,0.514,3.487,0.1474
176,0.513,3.484,0.1472
177,0.513,3.483,0.1473
178,0.512,3.477,0.1473
179,0.512,3.472,0.1475
180,0.511,3.467,0.1474
181,0.511,3.466,0.1474
182,0.51,3.463,0.1473
183,0.51,3.455,0.1476
184,0.51,3.451,0.1478
185,0.509,3.447,0.1477
186,0.509,3.445,0.1478
187,0.508,3.443,0.1475
188,0.508,3.44,0.1477
189,0.507,3.436,0.1476
190,0.507,3.435,0.1476
191,0.507,3.434,0.1476
192,0.506,3.431,0.1475
193,0.506,3.429,0.1476
194,0.505,3.428,0.1473
195,0.505,3.424,0.1475
196,0.504,3.422,0.1473
197,0.504,3.417,0.1475
198,0.503,3.415,0.1473
199,0.503,3.41,0.1475
200,0.503,3.408,0.1476
