no.,acc,apl,small_worldness
0,0.593,6.96,0.0852
1,0.593,6.821,0.0869
2,0.592,6.798,0.0871
3,0.591,6.633,0.0891
4,0.591,6.294,0.0939
5,0.59,6.202,0.0951
6,0.59,6.118,0.0964
7,0.589,6.057,0.0972
8,0.589,5.809,0.1014
9,0.589,5.589,0.1054
10,0.588,5.581,0.1054
11,0.588,5.447,0.1079
12,0.587,5.389,0.1089
13,0.587,5.388,0.1089
14,0.586,5.331,0.1099
15,0.586,5.314,0.1103
16,0.585,5.114,0.1144
17,0.585,5.084,0.1151
18,0.584,5.055,0.1155
19,0.584,5.006,0.1167
20,0.583,4.952,0.1177
21,0.583,4.901,0.119
22,0.582,4.892,0.119
23,0.581,4.877,0.1191
24,0.581,4.836,0.1201
25,0.58,4.833,0.12
26,0.579,4.821,0.1201
27,0.579,4.8,0.1206
28,0.578,4.749,0.1217
29,0.578,4.74,0.1219
30,0.577,4.704,0.1227
31,0.577,4.677,0.1234
32,0.577,4.655,0.124
33,0.576,4.632,0.1244
34,0.576,4.596,0.1253
35,0.575,4.586,0.1254
36,0.575,4.547,0.1265
37,0.574,4.527,0.1268
38,0.574,4.519,0.127
39,0.574,4.492,0.1278
40,0.573,4.453,0.1287
41,0.572,4.427,0.1292
42,0.572,4.417,0.1295
43,0.571,4.41,0.1295
44,0.57,4.395,0.1297
45,0.57,4.385,0.13
46,0.569,4.379,0.1299
47,0.568,4.367,0.1301
48,0.568,4.356,0.1304
49,0.567,4.326,0.1311
50,0.567,4.304,0.1317
51,0.567,4.283,0.1324
52,0.566,4.278,0.1323
53,0.566,4.258,0.1329
54,0.565,4.256,0.1328
55,0.565,4.243,0.1332
56,0.564,4.238,0.1331
57,0.564,4.235,0.1332
58,0.563,4.231,0.1331
59,0.563,4.188,0.1344
60,0.562,4.173,0.1347
61,0.562,4.166,0.1349
62,0.562,4.164,0.135
63,0.561,4.155,0.135
64,0.561,4.151,0.1351
65,0.56,4.125,0.1358
66,0.56,4.109,0.1363
67,0.559,4.096,0.1365
68,0.559,4.093,0.1366
69,0.558,4.09,0.1364
70,0.558,4.069,0.1371
71,0.558,4.061,0.1374
72,0.557,4.056,0.1373
73,0.557,4.053,0.1374
74,0.556,4.051,0.1373
75,0.556,4.04,0.1376
76,0.556,4.034,0.1378
77,0.555,4.015,0.1382
78,0.555,4.012,0.1383
79,0.554,4.004,0.1384
80,0.554,4.004,0.1384
81,0.553,3.995,0.1384
82,0.553,3.983,0.1388
83,0.552,3.958,0.1395
84,0.551,3.95,0.1395
85,0.551,3.945,0.1397
86,0.551,3.941,0.1398
87,0.55,3.934,0.1398
88,0.549,3.932,0.1396
89,0.549,3.925,0.1399
90,0.548,3.914,0.14
91,0.548,3.91,0.1402
92,0.547,3.91,0.1399
93,0.547,3.89,0.1406
94,0.546,3.875,0.1409
95,0.546,3.869,0.1411
96,0.546,3.859,0.1415
97,0.545,3.847,0.1417
98,0.545,3.843,0.1418
99,0.545,3.837,0.142
100,0.544,3.83,0.142
101,0.544,3.821,0.1424
102,0.543,3.819,0.1422
103,0.543,3.807,0.1426
104,0.543,3.801,0.1429
105,0.542,3.794,0.1429
106,0.542,3.787,0.1431
107,0.541,3.777,0.1432
108,0.541,3.774,0.1433
109,0.541,3.767,0.1436
110,0.54,3.763,0.1435
111,0.539,3.756,0.1435
112,0.539,3.747,0.1438
113,0.538,3.74,0.1439
114,0.538,3.735,0.144
115,0.538,3.732,0.1442
116,0.537,3.728,0.144
117,0.537,3.724,0.1442
118,0.536,3.719,0.1441
119,0.535,3.716,0.144
120,0.535,3.713,0.1441
121,0.535,3.709,0.1442
122,0.534,3.704,0.1442
123,0.534,3.695,0.1445
124,0.533,3.688,0.1445
125,0.533,3.681,0.1448
126,0.533,3.677,0.145
127,0.532,3.674,0.1448
128,0.532,3.674,0.1448
129,0.532,3.668,0.145
130,0.531,3.66,0.1451
131,0.531,3.652,0.1454
132,0.531,3.647,0.1456
133,0.53,3.644,0.1454
134,0.53,3.644,0.1454
135,0.529,3.639,0.1454
136,0.529,3.638,0.1454
137,0.529,3.631,0.1457
138,0.528,3.628,0.1455
139,0.528,3.624,0.1457
140,0.527,3.619,0.1456
141,0.527,3.617,0.1457
142,0.527,3.614,0.1458
143,0.526,3.608,0.1458
144,0.526,3.601,0.1461
145,0.526,3.6,0.1461
146,0.525,3.597,0.146
147,0.525,3.596,0.146
148,0.524,3.594,0.1458
149,0.524,3.587,0.1461
150,0.523,3.583,0.146
151,0.522,3.577,0.1459
152,0.522,3.575,0.146
153,0.521,3.571,0.1459
154,0.521,3.571,0.1459
155,0.521,3.56,0.1463
156,0.52,3.555,0.1463
157,0.52,3.553,0.1464
158,0.52,3.549,0.1465
159,0.519,3.545,0.1464
160,0.519,3.544,0.1464
161,0.519,3.542,0.1465
162,0.518,3.538,0.1464
163,0.518,3.534,0.1466
164,0.517,3.531,0.1464
165,0.517,3.527,0.1466
166,0.516,3.524,0.1464
167,0.516,3.518,0.1467
168,0.515,3.516,0.1465
169,0.515,3.514,0.1466
170,0.514,3.511,0.1464
171,0.513,3.505,0.1464
172,0.513,3.501,0.1465
173,0.513,3.497,0.1467
174,0.512,3.494,0.1465
175,0.512,3.486,0.1469
176,0.511,3.484,0.1467
177,0.511,3.481,0.1468
178,0.51,3.478,0.1466
179,0.51,3.473,0.1468
180,0.51,3.469,0.147
181,0.509,3.466,0.1469
182,0.509,3.463,0.147
183,0.509,3.459,0.1472
184,0.508,3.458,0.1469
185,0.508,3.453,0.1471
186,0.507,3.45,0.147
187,0.507,3.446,0.1471
188,0.507,3.442,0.1473
189,0.506,3.436,0.1473
190,0.506,3.433,0.1474
191,0.506,3.429,0.1476
192,0.505,3.427,0.1474
193,0.504,3.423,0.1472
194,0.504,3.421,0.1473
195,0.503,3.414,0.1473
196,0.503,3.412,0.1474
197,0.502,3.407,0.1473
198,0.502,3.404,0.1475
199,0.502,3.403,0.1475
200,0.501,3.401,0.1473
