no.,acc,apl,small_worldness
0,0.593,6.96,0.0852
1,0.592,6.819,0.0868
2,0.591,6.368,0.0928
3,0.59,6.274,0.094
4,0.59,6.213,0.095
5,0.59,5.863,0.1006
6,0.589,5.783,0.1019
7,0.589,5.693,0.1035
8,0.589,5.61,0.105
9,0.588,5.587,0.1052
10,0.587,5.584,0.1051
11,0.587,5.508,0.1066
12,0.587,5.477,0.1072
13,0.587,5.46,0.1075
14,0.587,5.397,0.1088
15,0.587,5.343,0.1099
16,0.586,5.292,0.1107
17,0.586,5.079,0.1154
18,0.586,5.072,0.1155
19,0.586,5.001,0.1172
20,0.586,4.955,0.1183
21,0.585,4.929,0.1187
22,0.585,4.908,0.1192
23,0.585,4.782,0.1223
24,0.585,4.771,0.1226
25,0.585,4.763,0.1228
26,0.584,4.74,0.1232
27,0.584,4.605,0.1268
28,0.584,4.471,0.1306
29,0.584,4.393,0.1329
30,0.584,4.382,0.1333
31,0.584,4.317,0.1353
32,0.583,4.265,0.1367
33,0.583,4.24,0.1375
34,0.583,4.237,0.1376
35,0.583,4.197,0.1389
36,0.583,4.193,0.139
37,0.583,4.176,0.1396
38,0.583,4.172,0.1397
39,0.582,4.098,0.142
40,0.582,4.071,0.143
41,0.582,4.016,0.1449
42,0.582,3.997,0.1456
43,0.581,3.989,0.1457
44,0.581,3.985,0.1458
45,0.581,3.949,0.1471
46,0.581,3.925,0.148
47,0.581,3.913,0.1485
48,0.581,3.909,0.1486
49,0.58,3.855,0.1505
50,0.58,3.847,0.1508
51,0.58,3.835,0.1512
52,0.58,3.831,0.1514
53,0.58,3.82,0.1518
54,0.58,3.82,0.1518
55,0.58,3.82,0.1518
56,0.58,3.816,0.152
57,0.58,3.816,0.152
58,0.58,3.808,0.1523
59,0.58,3.804,0.1525
60,0.58,3.804,0.1525
61,0.58,3.8,0.1526
62,0.58,3.786,0.1532
63,0.58,3.786,0.1532
64,0.58,3.782,0.1534
65,0.58,3.758,0.1543
66,0.58,3.754,0.1545
67,0.579,3.747,0.1545
68,0.579,3.735,0.155
69,0.579,3.723,0.1555
70,0.579,3.706,0.1562
71,0.579,3.701,0.1564
72,0.578,3.691,0.1566
73,0.578,3.682,0.157
74,0.578,3.678,0.1572
75,0.578,3.664,0.1578
76,0.578,3.652,0.1583
77,0.577,3.635,0.1587
78,0.577,3.635,0.1587
79,0.577,3.614,0.1597
80,0.577,3.609,0.1599
81,0.577,3.609,0.1599
82,0.577,3.605,0.1601
83,0.577,3.601,0.1602
84,0.577,3.582,0.1611
85,0.577,3.577,0.1613
86,0.577,3.577,0.1613
87,0.577,3.577,0.1613
88,0.577,3.562,0.162
89,0.577,3.562,0.162
90,0.577,3.557,0.1622
91,0.577,3.553,0.1624
92,0.577,3.553,0.1624
93,0.577,3.553,0.1624
94,0.577,3.549,0.1626
95,0.577,3.549,0.1626
96,0.577,3.549,0.1626
97,0.577,3.545,0.1628
98,0.577,3.54,0.163
99,0.577,3.526,0.1636
100,0.577,3.526,0.1636
101,0.577,3.522,0.1638
102,0.577,3.48,0.1658
103,0.577,3.472,0.1662
104,0.577,3.468,0.1664
105,0.577,3.468,0.1664
106,0.576,3.459,0.1665
107,0.576,3.455,0.1667
108,0.577,3.45,0.1672
109,0.576,3.429,0.168
110,0.576,3.412,0.1688
111,0.576,3.412,0.1688
112,0.576,3.412,0.1688
113,0.576,3.407,0.1691
114,0.576,3.403,0.1693
115,0.576,3.403,0.1693
116,0.576,3.403,0.1693
117,0.576,3.399,0.1695
118,0.576,3.391,0.1699
119,0.576,3.387,0.1701
120,0.576,3.383,0.1703
121,0.576,3.379,0.1705
122,0.576,3.379,0.1705
123,0.575,3.335,0.1724
124,0.575,3.32,0.1732
125,0.575,3.316,0.1734
126,0.575,3.308,0.1738
127,0.575,3.304,0.174
128,0.575,3.3,0.1742
129,0.575,3.295,0.1745
130,0.575,3.295,0.1745
131,0.575,3.295,0.1745
132,0.575,3.295,0.1745
133,0.575,3.28,0.1753
134,0.575,3.275,0.1756
135,0.575,3.271,0.1758
136,0.575,3.266,0.1761
137,0.575,3.262,0.1763
138,0.575,3.258,0.1765
139,0.575,3.247,0.1771
140,0.575,3.242,0.1774
141,0.575,3.242,0.1774
142,0.575,3.238,0.1776
143,0.575,3.234,0.1778
144,0.575,3.234,0.1778
145,0.575,3.234,0.1778
146,0.575,3.234,0.1778
147,0.575,3.221,0.1785
148,0.575,3.217,0.1787
149,0.575,3.212,0.179
150,0.575,3.212,0.179
151,0.575,3.208,0.1792
152,0.575,3.204,0.1795
153,0.575,3.204,0.1795
154,0.575,3.204,0.1795
155,0.575,3.204,0.1795
156,0.575,3.196,0.1799
157,0.576,3.192,0.1805
158,0.576,3.188,0.1807
159,0.576,3.183,0.181
160,0.576,3.179,0.1812
161,0.576,3.174,0.1815
162,0.576,3.17,0.1817
163,0.576,3.166,0.1819
164,0.576,3.161,0.1822
165,0.576,3.161,0.1822
166,0.576,3.157,0.1825
167,0.576,3.152,0.1827
168,0.576,3.148,0.183
169,0.576,3.143,0.1833
170,0.576,3.143,0.1833
171,0.576,3.139,0.1835
172,0.576,3.139,0.1835
173,0.576,3.139,0.1835
174,0.576,3.135,0.1837
175,0.576,3.131,0.184
176,0.576,3.131,0.184
177,0.576,3.131,0.184
178,0.576,3.126,0.1843
179,0.576,3.122,0.1845
180,0.576,3.117,0.1848
181,0.576,3.117,0.1848
182,0.576,3.112,0.1851
183,0.576,3.112,0.1851
184,0.576,3.112,0.1851
185,0.576,3.108,0.1853
186,0.576,3.108,0.1853
187,0.576,3.104,0.1856
188,0.576,3.1,0.1858
189,0.576,3.096,0.186
190,0.576,3.096,0.186
191,0.576,3.096,0.186
192,0.576,3.091,0.1863
193,0.576,3.087,0.1866
194,0.576,3.087,0.1866
195,0.576,3.087,0.1866
196,0.577,3.083,0.1872
197,0.577,3.083,0.1872
198,0.577,3.078,0.1875
199,0.577,3.078,0.1875
200,0.577,3.078,0.1875
201,0.577,3.074,0.1877
202,0.577,3.069,0.188
203,0.577,3.065,0.1883
204,0.577,3.061,0.1885
205,0.577,3.056,0.1888
206,0.577,3.056,0.1888
207,0.577,3.052,0.1891
208,0.577,3.052,0.1891
209,0.577,3.052,0.1891
210,0.577,3.052,0.1891
211,0.577,3.052,0.1891
212,0.577,3.048,0.1893
213,0.577,3.044,0.1896
214,0.577,3.039,0.1899
215,0.577,3.035,0.1901
216,0.576,3.03,0.1901
217,0.576,3.022,0.1906
218,0.576,3.018,0.1909
219,0.576,3.018,0.1909
220,0.576,3.018,0.1909
221,0.576,3.013,0.1912
222,0.576,3.013,0.1912
223,0.577,3.009,0.1918
224,0.577,3.004,0.1921
225,0.577,3.0,0.1923
226,0.577,3.0,0.1923
227,0.577,3.0,0.1923
228,0.577,3.0,0.1923
229,0.577,3.0,0.1923
230,0.577,2.996,0.1926
231,0.577,2.996,0.1926
232,0.577,2.996,0.1926
233,0.577,2.991,0.1929
234,0.577,2.987,0.1932
235,0.577,2.987,0.1932
236,0.577,2.987,0.1932
237,0.577,2.987,0.1932
238,0.577,2.987,0.1932
239,0.577,2.983,0.1934
240,0.577,2.983,0.1934
241,0.577,2.978,0.1938
242,0.577,2.978,0.1938
243,0.577,2.978,0.1938
244,0.578,2.974,0.1944
245,0.578,2.974,0.1944
246,0.578,2.974,0.1944
247,0.578,2.969,0.1947
248,0.578,2.965,0.1949
249,0.578,2.961,0.1952
250,0.578,2.956,0.1955
251,0.578,2.952,0.1958
252,0.578,2.948,0.1961
253,0.578,2.948,0.1961
254,0.578,2.948,0.1961
255,0.578,2.943,0.1964
256,0.578,2.938,0.1967
257,0.578,2.934,0.197
258,0.578,2.934,0.197
259,0.578,2.934,0.197
260,0.579,2.93,0.1976
261,0.579,2.93,0.1976
262,0.579,2.93,0.1976
263,0.579,2.925,0.1979
264,0.579,2.925,0.1979
265,0.579,2.925,0.1979
266,0.579,2.921,0.1982
267,0.579,2.921,0.1982
268,0.579,2.921,0.1982
269,0.58,2.916,0.1989
270,0.58,2.916,0.1989
271,0.58,2.916,0.1989
272,0.58,2.912,0.1992
273,0.58,2.908,0.1994
274,0.58,2.903,0.1998
275,0.58,2.903,0.1998
276,0.58,2.903,0.1998
277,0.58,2.903,0.1998
278,0.58,2.899,0.2001
279,0.58,2.899,0.2001
280,0.58,2.894,0.2004
281,0.58,2.894,0.2004
282,0.58,2.89,0.2007
283,0.58,2.886,0.201
284,0.58,2.886,0.201
285,0.58,2.881,0.2013
286,0.58,2.881,0.2013
287,0.58,2.881,0.2013
288,0.58,2.881,0.2013
289,0.58,2.881,0.2013
290,0.58,2.881,0.2013
291,0.58,2.881,0.2013
292,0.58,2.881,0.2013
293,0.581,2.877,0.2019
294,0.581,2.877,0.2019
295,0.581,2.877,0.2019
296,0.581,2.873,0.2022
297,0.581,2.868,0.2026
298,0.582,2.864,0.2032
299,0.582,2.859,0.2036
