no.,acc,apl,small_worldness
0,0.593,6.96,0.0852
1,0.592,6.678,0.0886
2,0.591,6.421,0.092
3,0.591,6.384,0.0926
4,0.59,6.158,0.0958
5,0.59,6.081,0.097
6,0.589,5.898,0.0999
7,0.589,5.784,0.1018
8,0.589,5.771,0.1021
9,0.589,5.768,0.1021
10,0.589,5.708,0.1032
11,0.589,5.462,0.1078
12,0.588,5.197,0.1131
13,0.588,5.193,0.1132
14,0.587,5.123,0.1146
15,0.587,5.026,0.1168
16,0.587,5.026,0.1168
17,0.586,4.815,0.1217
18,0.586,4.735,0.1238
19,0.586,4.661,0.1257
20,0.586,4.626,0.1267
21,0.585,4.559,0.1283
22,0.585,4.552,0.1285
23,0.585,4.541,0.1288
24,0.585,4.485,0.1304
25,0.584,4.455,0.1311
26,0.584,4.373,0.1335
27,0.584,4.304,0.1357
28,0.584,4.304,0.1357
29,0.584,4.28,0.1364
30,0.583,4.273,0.1364
31,0.583,4.239,0.1375
32,0.583,4.225,0.138
33,0.583,4.182,0.1394
34,0.582,4.136,0.1407
35,0.582,4.098,0.142
36,0.582,4.086,0.1424
37,0.582,4.063,0.1432
38,0.582,4.044,0.1439
39,0.582,3.982,0.1462
40,0.582,3.982,0.1462
41,0.582,3.974,0.1465
42,0.581,3.947,0.1472
43,0.581,3.94,0.1475
44,0.581,3.893,0.1492
45,0.581,3.864,0.1504
46,0.581,3.864,0.1504
47,0.581,3.857,0.1506
48,0.581,3.84,0.1513
49,0.58,3.836,0.1512
50,0.58,3.832,0.1514
51,0.58,3.798,0.1527
52,0.58,3.768,0.1539
53,0.58,3.761,0.1542
54,0.58,3.745,0.1549
55,0.58,3.741,0.155
56,0.579,3.695,0.1567
57,0.579,3.691,0.1569
58,0.579,3.687,0.157
59,0.579,3.679,0.1574
60,0.579,3.679,0.1574
61,0.579,3.674,0.1576
62,0.579,3.667,0.1579
63,0.578,3.646,0.1585
64,0.578,3.638,0.1589
65,0.578,3.607,0.1602
66,0.578,3.603,0.1604
67,0.578,3.599,0.1606
68,0.578,3.599,0.1606
69,0.578,3.595,0.1608
70,0.578,3.59,0.161
71,0.578,3.582,0.1614
72,0.577,3.578,0.1613
73,0.577,3.569,0.1617
74,0.576,3.56,0.1618
75,0.576,3.549,0.1623
76,0.576,3.537,0.1628
77,0.576,3.525,0.1634
78,0.576,3.521,0.1636
79,0.576,3.51,0.1641
80,0.576,3.505,0.1643
81,0.576,3.501,0.1645
82,0.575,3.473,0.1656
83,0.575,3.464,0.166
84,0.575,3.457,0.1663
85,0.575,3.452,0.1666
86,0.575,3.452,0.1666
87,0.575,3.448,0.1668
88,0.574,3.444,0.1667
89,0.574,3.435,0.1671
90,0.574,3.416,0.168
91,0.574,3.416,0.168
92,0.574,3.403,0.1687
93,0.574,3.399,0.1689
94,0.574,3.395,0.1691
95,0.573,3.391,0.169
96,0.573,3.379,0.1696
97,0.573,3.375,0.1698
98,0.573,3.371,0.17
99,0.574,3.366,0.1705
100,0.574,3.362,0.1707
101,0.574,3.351,0.1713
102,0.573,3.346,0.1712
103,0.573,3.342,0.1715
104,0.573,3.338,0.1717
105,0.573,3.327,0.1722
106,0.573,3.322,0.1725
107,0.573,3.318,0.1727
108,0.573,3.318,0.1727
109,0.573,3.318,0.1727
110,0.573,3.314,0.1729
111,0.573,3.314,0.1729
112,0.573,3.314,0.1729
113,0.573,3.309,0.1732
114,0.573,3.305,0.1734
115,0.573,3.301,0.1736
116,0.572,3.296,0.1735
117,0.573,3.289,0.1742
118,0.573,3.284,0.1745
119,0.572,3.28,0.1744
120,0.572,3.276,0.1746
121,0.572,3.276,0.1746
122,0.572,3.272,0.1748
123,0.573,3.267,0.1754
124,0.573,3.263,0.1756
125,0.573,3.263,0.1756
126,0.573,3.258,0.1759
127,0.573,3.254,0.1761
128,0.573,3.254,0.1761
129,0.573,3.254,0.1761
130,0.573,3.25,0.1763
131,0.573,3.233,0.1772
132,0.573,3.229,0.1775
133,0.573,3.225,0.1777
134,0.573,3.225,0.1777
135,0.573,3.225,0.1777
136,0.573,3.225,0.1777
137,0.573,3.22,0.178
138,0.573,3.22,0.178
139,0.572,3.216,0.1779
140,0.572,3.211,0.1781
141,0.572,3.207,0.1784
142,0.572,3.202,0.1786
143,0.572,3.198,0.1789
144,0.572,3.194,0.1791
145,0.572,3.19,0.1793
146,0.572,3.19,0.1793
147,0.572,3.186,0.1795
148,0.573,3.181,0.1801
149,0.573,3.181,0.1801
150,0.572,3.176,0.1801
151,0.572,3.172,0.1803
152,0.572,3.172,0.1803
153,0.572,3.167,0.1806
154,0.572,3.163,0.1808
155,0.572,3.158,0.1811
156,0.572,3.153,0.1814
157,0.572,3.149,0.1816
158,0.572,3.149,0.1816
159,0.572,3.149,0.1816
160,0.572,3.149,0.1816
161,0.572,3.145,0.1819
162,0.572,3.141,0.1821
163,0.572,3.141,0.1821
164,0.572,3.136,0.1824
165,0.572,3.132,0.1826
166,0.572,3.127,0.1829
167,0.572,3.127,0.1829
168,0.572,3.122,0.1832
169,0.572,3.122,0.1832
170,0.572,3.122,0.1832
171,0.572,3.122,0.1832
172,0.572,3.118,0.1835
173,0.572,3.114,0.1837
174,0.572,3.109,0.184
175,0.572,3.105,0.1842
176,0.572,3.1,0.1845
177,0.572,3.096,0.1848
178,0.572,3.092,0.185
179,0.572,3.087,0.1853
180,0.572,3.087,0.1853
181,0.573,3.083,0.1859
182,0.573,3.083,0.1859
183,0.573,3.083,0.1859
184,0.573,3.083,0.1859
185,0.573,3.078,0.1862
186,0.573,3.078,0.1862
187,0.573,3.078,0.1862
188,0.573,3.078,0.1862
189,0.573,3.074,0.1864
190,0.573,3.074,0.1864
191,0.573,3.074,0.1864
192,0.573,3.069,0.1867
193,0.573,3.065,0.1869
194,0.573,3.061,0.1872
195,0.573,3.056,0.1875
196,0.573,3.056,0.1875
197,0.573,3.056,0.1875
198,0.573,3.052,0.1877
199,0.573,3.048,0.188
200,0.573,3.048,0.188
201,0.573,3.048,0.188
202,0.573,3.048,0.188
203,0.573,3.044,0.1882
204,0.573,3.04,0.1885
205,0.574,3.035,0.1891
206,0.574,3.031,0.1894
207,0.574,3.031,0.1894
208,0.574,3.027,0.1896
209,0.574,3.022,0.1899
210,0.574,3.018,0.1902
211,0.574,3.014,0.1904
212,0.574,3.009,0.1908
213,0.574,3.009,0.1908
214,0.574,3.009,0.1908
215,0.574,3.009,0.1908
216,0.574,2.994,0.1917
217,0.574,2.994,0.1917
218,0.574,2.989,0.192
219,0.575,2.985,0.1926
220,0.575,2.981,0.1929
221,0.575,2.976,0.1932
222,0.575,2.976,0.1932
223,0.576,2.971,0.1939
224,0.576,2.971,0.1939
225,0.576,2.967,0.1941
226,0.576,2.967,0.1941
227,0.576,2.967,0.1941
228,0.576,2.963,0.1944
229,0.576,2.963,0.1944
230,0.576,2.958,0.1947
231,0.576,2.953,0.1951
232,0.576,2.949,0.1953
233,0.576,2.945,0.1956
234,0.576,2.945,0.1956
235,0.576,2.945,0.1956
236,0.576,2.941,0.1959
237,0.576,2.936,0.1962
238,0.576,2.936,0.1962
239,0.576,2.936,0.1962
240,0.577,2.932,0.1968
241,0.577,2.927,0.1971
242,0.577,2.923,0.1974
243,0.577,2.923,0.1974
244,0.577,2.923,0.1974
245,0.577,2.923,0.1974
246,0.577,2.918,0.1977
247,0.578,2.914,0.1984
248,0.578,2.914,0.1984
249,0.577,2.91,0.1983
250,0.577,2.91,0.1983
251,0.577,2.91,0.1983
252,0.578,2.905,0.199
253,0.578,2.901,0.1992
254,0.578,2.896,0.1996
255,0.578,2.896,0.1996
256,0.578,2.892,0.1999
257,0.579,2.887,0.2006
258,0.579,2.883,0.2008
259,0.579,2.883,0.2008
260,0.579,2.878,0.2012
261,0.58,2.874,0.2018
262,0.58,2.869,0.2022
263,0.58,2.869,0.2022
264,0.58,2.869,0.2022
265,0.58,2.869,0.2022
266,0.58,2.869,0.2022
267,0.58,2.869,0.2022
268,0.58,2.869,0.2022
269,0.58,2.865,0.2024
270,0.58,2.861,0.2027
271,0.58,2.861,0.2027
272,0.58,2.856,0.2031
273,0.58,2.856,0.2031
274,0.58,2.856,0.2031
275,0.58,2.856,0.2031
276,0.58,2.852,0.2034
277,0.581,2.848,0.204
