no.,acc,apl,small_worldness
0,0.593,6.96,0.0852
1,0.592,6.927,0.0855
2,0.591,6.927,0.0853
3,0.59,6.873,0.0858
4,0.59,6.867,0.0859
5,0.589,6.545,0.09
6,0.589,6.408,0.0919
7,0.588,6.095,0.0965
8,0.588,6.01,0.0978
9,0.588,5.695,0.1032
10,0.588,5.634,0.1044
11,0.587,5.413,0.1084
12,0.587,5.265,0.1115
13,0.587,5.105,0.115
14,0.586,4.836,0.1212
15,0.586,4.787,0.1224
16,0.586,4.732,0.1238
17,0.586,4.668,0.1255
18,0.586,4.599,0.1274
19,0.586,4.599,0.1274
20,0.585,4.555,0.1284
21,0.585,4.532,0.1291
22,0.585,4.518,0.1295
23,0.585,4.478,0.1306
24,0.585,4.478,0.1306
25,0.585,4.461,0.1311
26,0.584,4.457,0.131
27,0.584,4.416,0.1322
28,0.584,4.405,0.1326
29,0.584,4.366,0.1338
30,0.583,4.287,0.136
31,0.583,4.283,0.1361
32,0.583,4.203,0.1387
33,0.583,4.173,0.1397
34,0.583,4.169,0.1398
35,0.583,4.165,0.14
36,0.582,4.161,0.1399
37,0.582,4.161,0.1399
38,0.582,4.154,0.1401
39,0.582,4.099,0.142
40,0.582,4.095,0.1421
41,0.582,4.062,0.1433
42,0.581,4.028,0.1442
43,0.581,4.018,0.1446
44,0.581,4.004,0.1451
45,0.581,3.97,0.1463
46,0.581,3.97,0.1463
47,0.581,3.966,0.1465
48,0.581,3.943,0.1473
49,0.58,3.928,0.1477
50,0.58,3.921,0.1479
51,0.58,3.917,0.1481
52,0.58,3.907,0.1485
53,0.58,3.907,0.1485
54,0.58,3.907,0.1485
55,0.58,3.824,0.1517
56,0.58,3.795,0.1528
57,0.58,3.733,0.1554
58,0.58,3.725,0.1557
59,0.579,3.713,0.1559
60,0.579,3.713,0.1559
61,0.579,3.713,0.1559
62,0.579,3.709,0.1561
63,0.579,3.694,0.1567
64,0.579,3.69,0.1569
65,0.579,3.69,0.1569
66,0.579,3.666,0.1579
67,0.579,3.666,0.1579
68,0.579,3.666,0.1579
69,0.579,3.662,0.1581
70,0.579,3.654,0.1585
71,0.579,3.647,0.1588
72,0.578,3.619,0.1597
73,0.578,3.615,0.1599
74,0.578,3.611,0.1601
75,0.578,3.606,0.1603
76,0.578,3.59,0.161
77,0.578,3.581,0.1614
78,0.578,3.577,0.1616
79,0.578,3.573,0.1618
80,0.577,3.569,0.1617
81,0.577,3.564,0.1619
82,0.577,3.56,0.1621
83,0.577,3.538,0.1631
84,0.577,3.534,0.1633
85,0.577,3.529,0.1635
86,0.577,3.525,0.1637
87,0.576,3.511,0.1641
88,0.576,3.507,0.1642
89,0.576,3.503,0.1644
90,0.576,3.499,0.1646
91,0.576,3.499,0.1646
92,0.576,3.486,0.1652
93,0.575,3.473,0.1656
94,0.575,3.473,0.1656
95,0.575,3.465,0.1659
96,0.575,3.46,0.1662
97,0.574,3.438,0.167
98,0.574,3.433,0.1672
99,0.574,3.425,0.1676
100,0.574,3.425,0.1676
101,0.574,3.425,0.1676
102,0.574,3.421,0.1678
103,0.574,3.417,0.168
104,0.574,3.417,0.168
105,0.574,3.417,0.168
106,0.574,3.408,0.1684
107,0.574,3.404,0.1686
108,0.573,3.395,0.1688
109,0.572,3.391,0.1687
110,0.572,3.383,0.1691
111,0.572,3.378,0.1693
112,0.572,3.374,0.1695
113,0.572,3.349,0.1708
114,0.572,3.338,0.1714
115,0.572,3.333,0.1716
116,0.572,3.322,0.1722
117,0.572,3.301,0.1733
118,0.571,3.297,0.1732
119,0.571,3.297,0.1732
120,0.571,3.293,0.1734
121,0.571,3.288,0.1737
122,0.571,3.288,0.1737
123,0.571,3.28,0.1741
124,0.571,3.276,0.1743
125,0.571,3.267,0.1748
126,0.571,3.263,0.175
127,0.571,3.263,0.175
128,0.571,3.263,0.175
129,0.571,3.259,0.1752
130,0.571,3.255,0.1754
131,0.571,3.25,0.1757
132,0.571,3.246,0.1759
133,0.571,3.246,0.1759
134,0.571,3.246,0.1759
135,0.571,3.242,0.1761
136,0.571,3.242,0.1761
137,0.571,3.237,0.1764
138,0.571,3.233,0.1766
139,0.571,3.229,0.1768
140,0.571,3.224,0.1771
141,0.571,3.22,0.1773
142,0.571,3.216,0.1775
143,0.571,3.216,0.1775
144,0.571,3.216,0.1775
145,0.571,3.216,0.1775
146,0.571,3.216,0.1775
147,0.571,3.211,0.1778
148,0.571,3.207,0.178
149,0.571,3.203,0.1783
150,0.571,3.203,0.1783
151,0.571,3.198,0.1785
152,0.571,3.194,0.1788
153,0.571,3.194,0.1788
154,0.571,3.194,0.1788
155,0.571,3.19,0.179
156,0.571,3.186,0.1792
157,0.571,3.186,0.1792
158,0.571,3.181,0.1795
159,0.571,3.181,0.1795
160,0.571,3.177,0.1797
161,0.571,3.173,0.18
162,0.571,3.169,0.1802
163,0.571,3.169,0.1802
164,0.571,3.164,0.1805
165,0.572,3.16,0.181
166,0.572,3.16,0.181
167,0.572,3.156,0.1812
168,0.572,3.151,0.1815
169,0.571,3.146,0.1815
170,0.571,3.146,0.1815
171,0.571,3.142,0.1817
172,0.571,3.138,0.182
173,0.571,3.138,0.182
174,0.572,3.133,0.1826
175,0.572,3.129,0.1828
176,0.572,3.125,0.183
177,0.572,3.121,0.1833
178,0.572,3.121,0.1833
179,0.572,3.116,0.1836
180,0.572,3.116,0.1836
181,0.572,3.112,0.1838
182,0.572,3.108,0.184
183,0.572,3.108,0.184
184,0.572,3.108,0.184
185,0.572,3.104,0.1843
186,0.572,3.099,0.1846
187,0.572,3.095,0.1848
188,0.572,3.09,0.1851
189,0.572,3.086,0.1854
190,0.572,3.081,0.1857
191,0.572,3.077,0.1859
192,0.572,3.073,0.1861
193,0.572,3.073,0.1861
194,0.572,3.068,0.1864
195,0.573,3.064,0.187
196,0.573,3.06,0.1873
197,0.573,3.06,0.1873
198,0.573,3.06,0.1873
199,0.573,3.055,0.1876
200,0.573,3.051,0.1878
201,0.573,3.047,0.1881
202,0.573,3.043,0.1883
203,0.573,3.043,0.1883
204,0.573,3.038,0.1886
205,0.573,3.033,0.1889
206,0.573,3.029,0.1892
207,0.573,3.029,0.1892
208,0.574,3.02,0.1901
209,0.574,3.016,0.1903
210,0.575,3.011,0.191
211,0.575,3.007,0.1912
212,0.575,3.003,0.1915
213,0.575,2.998,0.1918
214,0.576,2.994,0.1924
215,0.576,2.99,0.1926
216,0.576,2.99,0.1926
217,0.576,2.985,0.193
218,0.576,2.985,0.193
219,0.576,2.978,0.1934
220,0.576,2.978,0.1934
221,0.576,2.973,0.1937
222,0.576,2.968,0.1941
223,0.576,2.964,0.1943
224,0.576,2.964,0.1943
225,0.576,2.96,0.1946
226,0.576,2.956,0.1949
227,0.576,2.956,0.1949
228,0.576,2.951,0.1952
229,0.576,2.947,0.1955
230,0.576,2.943,0.1957
231,0.576,2.938,0.1961
232,0.576,2.934,0.1963
233,0.576,2.934,0.1963
234,0.577,2.93,0.1969
235,0.577,2.925,0.1973
236,0.577,2.921,0.1975
237,0.578,2.916,0.1982
238,0.578,2.916,0.1982
239,0.578,2.912,0.1985
240,0.578,2.907,0.1988
241,0.578,2.907,0.1988
242,0.578,2.907,0.1988
243,0.578,2.903,0.1991
244,0.579,2.898,0.1998
245,0.579,2.894,0.2001
246,0.579,2.894,0.2001
247,0.579,2.89,0.2003
248,0.579,2.886,0.2006
249,0.579,2.881,0.201
250,0.579,2.881,0.201
251,0.579,2.881,0.201
252,0.58,2.877,0.2016
253,0.58,2.872,0.2019
254,0.58,2.872,0.2019
255,0.58,2.872,0.2019
256,0.58,2.868,0.2022
257,0.58,2.868,0.2022
258,0.58,2.868,0.2022
259,0.58,2.863,0.2026
260,0.58,2.863,0.2026
261,0.58,2.859,0.2029
262,0.58,2.854,0.2032
263,0.58,2.854,0.2032
264,0.581,2.85,0.2039
