no.,acc,apl,small_worldness
0,0.593,6.96,0.0852
1,0.592,6.747,0.0877
2,0.591,6.632,0.0891
3,0.591,6.605,0.0895
4,0.59,6.315,0.0934
5,0.59,6.045,0.0976
6,0.59,5.909,0.0998
7,0.589,5.754,0.1024
8,0.589,5.641,0.1044
9,0.589,5.605,0.1051
10,0.588,5.542,0.1061
11,0.588,5.275,0.1115
12,0.588,5.275,0.1115
13,0.588,5.264,0.1117
14,0.588,5.248,0.112
15,0.587,5.224,0.1124
16,0.587,5.224,0.1124
17,0.587,5.166,0.1136
18,0.587,5.117,0.1147
19,0.587,4.94,0.1188
20,0.586,4.881,0.1201
21,0.586,4.847,0.1209
22,0.586,4.827,0.1214
23,0.586,4.827,0.1214
24,0.586,4.805,0.122
25,0.585,4.801,0.1218
26,0.585,4.725,0.1238
27,0.585,4.694,0.1246
28,0.585,4.677,0.1251
29,0.585,4.618,0.1267
30,0.584,4.376,0.1335
31,0.584,4.345,0.1344
32,0.584,4.252,0.1373
33,0.584,4.235,0.1379
34,0.584,4.227,0.1382
35,0.584,4.227,0.1382
36,0.583,4.115,0.1417
37,0.583,4.071,0.1432
38,0.583,4.066,0.1434
39,0.583,4.042,0.1442
40,0.583,4.035,0.1445
41,0.582,4.012,0.1451
42,0.582,4.0,0.1455
43,0.582,3.981,0.1462
44,0.582,3.973,0.1465
45,0.582,3.969,0.1466
46,0.582,3.965,0.1468
47,0.582,3.937,0.1478
48,0.582,3.937,0.1478
49,0.581,3.933,0.1477
50,0.581,3.926,0.148
51,0.581,3.901,0.1489
52,0.581,3.893,0.1492
53,0.581,3.889,0.1494
54,0.581,3.875,0.1499
55,0.58,3.855,0.1505
56,0.58,3.839,0.1511
57,0.58,3.822,0.1518
58,0.58,3.822,0.1518
59,0.58,3.807,0.1524
60,0.58,3.799,0.1527
61,0.58,3.799,0.1527
62,0.579,3.779,0.1532
63,0.579,3.754,0.1542
64,0.579,3.751,0.1544
65,0.579,3.714,0.1559
66,0.579,3.705,0.1563
67,0.578,3.681,0.157
68,0.578,3.677,0.1572
69,0.578,3.673,0.1574
70,0.578,3.669,0.1575
71,0.578,3.665,0.1577
72,0.578,3.66,0.1579
73,0.578,3.66,0.1579
74,0.577,3.634,0.1588
75,0.577,3.629,0.159
76,0.577,3.616,0.1596
77,0.577,3.59,0.1607
78,0.576,3.562,0.1617
79,0.576,3.557,0.1619
80,0.576,3.536,0.1629
81,0.576,3.531,0.1631
82,0.576,3.531,0.1631
83,0.576,3.527,0.1633
84,0.576,3.527,0.1633
85,0.576,3.523,0.1635
86,0.576,3.519,0.1637
87,0.576,3.519,0.1637
88,0.576,3.514,0.1639
89,0.576,3.514,0.1639
90,0.576,3.51,0.1641
91,0.576,3.51,0.1641
92,0.576,3.506,0.1643
93,0.576,3.506,0.1643
94,0.576,3.506,0.1643
95,0.576,3.506,0.1643
96,0.576,3.502,0.1645
97,0.576,3.502,0.1645
98,0.576,3.491,0.165
99,0.576,3.463,0.1663
100,0.577,3.458,0.1669
101,0.577,3.451,0.1672
102,0.577,3.447,0.1674
103,0.577,3.443,0.1676
104,0.577,3.438,0.1678
105,0.577,3.434,0.168
106,0.577,3.43,0.1682
107,0.577,3.426,0.1684
108,0.577,3.422,0.1686
109,0.577,3.418,0.1688
110,0.577,3.406,0.1694
111,0.577,3.399,0.1698
112,0.577,3.395,0.17
113,0.577,3.395,0.17
114,0.577,3.387,0.1704
115,0.577,3.383,0.1706
116,0.576,3.378,0.1705
117,0.576,3.374,0.1707
118,0.576,3.374,0.1707
119,0.576,3.37,0.1709
120,0.576,3.361,0.1714
121,0.576,3.361,0.1714
122,0.576,3.361,0.1714
123,0.576,3.341,0.1724
124,0.576,3.341,0.1724
125,0.576,3.341,0.1724
126,0.576,3.332,0.1729
127,0.576,3.328,0.1731
128,0.576,3.324,0.1733
129,0.576,3.324,0.1733
130,0.576,3.319,0.1735
131,0.576,3.311,0.174
132,0.576,3.293,0.1749
133,0.576,3.289,0.1751
134,0.576,3.284,0.1754
135,0.575,3.269,0.1759
136,0.575,3.264,0.1762
137,0.575,3.264,0.1762
138,0.575,3.26,0.1764
139,0.575,3.256,0.1766
140,0.575,3.256,0.1766
141,0.575,3.252,0.1768
142,0.575,3.247,0.1771
143,0.575,3.243,0.1773
144,0.575,3.243,0.1773
145,0.575,3.239,0.1775
146,0.575,3.235,0.1777
147,0.575,3.23,0.178
148,0.575,3.226,0.1782
149,0.575,3.221,0.1785
150,0.575,3.221,0.1785
151,0.576,3.213,0.1793
152,0.576,3.209,0.1795
153,0.576,3.205,0.1797
154,0.576,3.2,0.18
155,0.576,3.193,0.1804
156,0.576,3.188,0.1807
157,0.576,3.188,0.1807
158,0.576,3.184,0.1809
159,0.576,3.18,0.1811
160,0.576,3.175,0.1814
161,0.575,3.167,0.1816
162,0.575,3.167,0.1816
163,0.576,3.162,0.1822
164,0.576,3.162,0.1822
165,0.576,3.162,0.1822
166,0.576,3.162,0.1822
167,0.576,3.158,0.1824
168,0.576,3.154,0.1826
169,0.576,3.149,0.1829
170,0.576,3.149,0.1829
171,0.576,3.149,0.1829
172,0.576,3.145,0.1831
173,0.576,3.141,0.1834
174,0.576,3.132,0.1839
175,0.576,3.132,0.1839
176,0.576,3.113,0.185
177,0.576,3.113,0.185
178,0.576,3.109,0.1853
179,0.576,3.109,0.1853
180,0.576,3.104,0.1856
181,0.576,3.104,0.1856
182,0.576,3.104,0.1856
183,0.576,3.1,0.1858
184,0.576,3.096,0.186
185,0.576,3.091,0.1863
186,0.576,3.087,0.1866
187,0.576,3.082,0.1869
188,0.576,3.082,0.1869
189,0.576,3.078,0.1871
190,0.576,3.078,0.1871
191,0.576,3.073,0.1874
192,0.576,3.073,0.1874
193,0.576,3.073,0.1874
194,0.576,3.069,0.1877
195,0.576,3.065,0.1879
196,0.576,3.06,0.1882
197,0.576,3.06,0.1882
198,0.576,3.056,0.1885
199,0.576,3.051,0.1888
200,0.576,3.051,0.1888
201,0.576,3.046,0.1891
202,0.576,3.042,0.1893
203,0.576,3.042,0.1893
204,0.576,3.037,0.1897
205,0.576,3.033,0.1899
206,0.576,3.029,0.1902
207,0.576,3.029,0.1902
208,0.576,3.029,0.1902
209,0.576,3.024,0.1905
210,0.576,3.02,0.1907
211,0.576,3.02,0.1907
212,0.577,3.016,0.1913
213,0.577,3.016,0.1913
214,0.577,3.012,0.1916
215,0.577,3.007,0.1919
216,0.577,3.007,0.1919
217,0.577,3.007,0.1919
218,0.577,3.007,0.1919
219,0.577,3.003,0.1921
220,0.577,2.998,0.1925
221,0.577,2.998,0.1925
222,0.577,2.994,0.1927
223,0.577,2.989,0.193
224,0.577,2.989,0.193
225,0.577,2.985,0.1933
226,0.578,2.98,0.194
227,0.578,2.98,0.194
228,0.578,2.976,0.1942
229,0.578,2.972,0.1945
230,0.578,2.967,0.1948
231,0.577,2.963,0.1947
232,0.577,2.958,0.1951
233,0.577,2.958,0.1951
234,0.577,2.954,0.1953
235,0.577,2.954,0.1953
236,0.577,2.95,0.1956
237,0.577,2.95,0.1956
238,0.577,2.95,0.1956
239,0.577,2.945,0.1959
240,0.577,2.945,0.1959
241,0.578,2.941,0.1965
242,0.578,2.941,0.1965
243,0.578,2.937,0.1968
244,0.578,2.937,0.1968
245,0.578,2.932,0.1971
246,0.578,2.932,0.1971
247,0.578,2.932,0.1971
248,0.578,2.932,0.1971
249,0.578,2.928,0.1974
250,0.578,2.928,0.1974
251,0.578,2.928,0.1974
252,0.578,2.923,0.1977
253,0.578,2.923,0.1977
254,0.578,2.923,0.1977
255,0.578,2.919,0.198
256,0.579,2.915,0.1986
257,0.579,2.915,0.1986
258,0.579,2.91,0.199
259,0.579,2.91,0.199
260,0.579,2.906,0.1992
261,0.579,2.901,0.1996
262,0.579,2.901,0.1996
263,0.58,2.897,0.2002
264,0.58,2.893,0.2005
265,0.58,2.888,0.2008
266,0.58,2.883,0.2012
267,0.58,2.879,0.2015
268,0.58,2.875,0.2017
269,0.58,2.875,0.2017
270,0.58,2.875,0.2017
271,0.58,2.87,0.2021
272,0.581,2.866,0.2027
273,0.581,2.862,0.203
274,0.581,2.857,0.2034
275,0.581,2.857,0.2034
276,0.581,2.853,0.2036
277,0.581,2.849,0.2039
