no.,acc,apl,small_worldness
0,0.593,6.96,0.0852
1,0.592,6.907,0.0857
2,0.591,6.53,0.0905
3,0.591,6.513,0.0907
4,0.59,6.249,0.0944
5,0.59,6.196,0.0952
6,0.59,5.797,0.1018
7,0.589,5.646,0.1043
8,0.589,5.618,0.1048
9,0.588,5.588,0.1052
10,0.588,5.512,0.1067
11,0.588,5.472,0.1075
12,0.588,5.456,0.1078
13,0.587,5.418,0.1083
14,0.587,5.083,0.1155
15,0.587,5.079,0.1156
16,0.587,5.032,0.1167
17,0.586,4.993,0.1174
18,0.586,4.781,0.1226
19,0.586,4.753,0.1233
20,0.586,4.687,0.125
21,0.585,4.661,0.1255
22,0.585,4.557,0.1284
23,0.585,4.532,0.1291
24,0.585,4.517,0.1295
25,0.584,4.505,0.1296
26,0.584,4.485,0.1302
27,0.584,4.485,0.1302
28,0.584,4.476,0.1305
29,0.583,4.45,0.131
30,0.583,4.428,0.1317
31,0.583,4.389,0.1328
32,0.583,4.379,0.1331
33,0.583,4.369,0.1334
34,0.582,4.321,0.1347
35,0.582,4.306,0.1352
36,0.581,4.245,0.1369
37,0.581,4.241,0.137
38,0.581,4.237,0.1371
39,0.581,4.229,0.1374
40,0.581,4.218,0.1377
41,0.581,4.169,0.1394
42,0.581,4.122,0.141
43,0.58,4.065,0.1427
44,0.58,4.033,0.1438
45,0.579,4.003,0.1446
46,0.579,3.979,0.1455
47,0.579,3.975,0.1457
48,0.579,3.971,0.1458
49,0.579,3.971,0.1458
50,0.579,3.956,0.1464
51,0.579,3.947,0.1467
52,0.578,3.943,0.1466
53,0.578,3.911,0.1478
54,0.578,3.911,0.1478
55,0.578,3.89,0.1486
56,0.578,3.89,0.1486
57,0.578,3.874,0.1492
58,0.577,3.869,0.1491
59,0.577,3.869,0.1491
60,0.577,3.861,0.1494
61,0.577,3.857,0.1496
62,0.577,3.849,0.1499
63,0.577,3.84,0.1503
64,0.577,3.794,0.1521
65,0.576,3.73,0.1544
66,0.576,3.726,0.1546
67,0.576,3.726,0.1546
68,0.576,3.696,0.1558
69,0.576,3.691,0.1561
70,0.576,3.691,0.1561
71,0.576,3.691,0.1561
72,0.576,3.687,0.1562
73,0.575,3.683,0.1561
74,0.575,3.668,0.1568
75,0.575,3.668,0.1568
76,0.575,3.668,0.1568
77,0.575,3.637,0.1581
78,0.575,3.637,0.1581
79,0.575,3.637,0.1581
80,0.575,3.632,0.1583
81,0.575,3.628,0.1585
82,0.575,3.623,0.1587
83,0.575,3.623,0.1587
84,0.575,3.623,0.1587
85,0.575,3.623,0.1587
86,0.575,3.619,0.1589
87,0.575,3.615,0.1591
88,0.575,3.615,0.1591
89,0.574,3.611,0.159
90,0.574,3.589,0.1599
91,0.574,3.577,0.1605
92,0.574,3.539,0.1622
93,0.574,3.535,0.1624
94,0.574,3.531,0.1626
95,0.574,3.527,0.1627
96,0.574,3.516,0.1633
97,0.574,3.507,0.1637
98,0.573,3.494,0.164
99,0.573,3.471,0.1651
100,0.573,3.466,0.1653
101,0.573,3.466,0.1653
102,0.573,3.459,0.1657
103,0.573,3.459,0.1657
104,0.573,3.459,0.1657
105,0.573,3.455,0.1658
106,0.574,3.446,0.1666
107,0.574,3.446,0.1666
108,0.574,3.446,0.1666
109,0.573,3.442,0.1665
110,0.573,3.431,0.167
111,0.573,3.431,0.167
112,0.573,3.416,0.1677
113,0.573,3.416,0.1677
114,0.573,3.412,0.1679
115,0.573,3.412,0.1679
116,0.573,3.404,0.1683
117,0.573,3.399,0.1686
118,0.573,3.399,0.1686
119,0.573,3.399,0.1686
120,0.573,3.395,0.1688
121,0.573,3.395,0.1688
122,0.573,3.39,0.169
123,0.573,3.386,0.1692
124,0.573,3.382,0.1694
125,0.573,3.371,0.17
126,0.573,3.366,0.1702
127,0.573,3.359,0.1706
128,0.573,3.354,0.1708
129,0.573,3.354,0.1708
130,0.573,3.35,0.171
131,0.573,3.35,0.171
132,0.573,3.338,0.1717
133,0.573,3.334,0.1719
134,0.573,3.329,0.1721
135,0.573,3.329,0.1721
136,0.573,3.329,0.1721
137,0.573,3.296,0.1738
138,0.572,3.288,0.174
139,0.572,3.284,0.1742
140,0.572,3.28,0.1744
141,0.572,3.28,0.1744
142,0.572,3.275,0.1747
143,0.573,3.271,0.1752
144,0.573,3.271,0.1752
145,0.573,3.267,0.1754
146,0.572,3.262,0.1754
147,0.573,3.258,0.1759
148,0.573,3.237,0.177
149,0.573,3.233,0.1772
150,0.573,3.233,0.1772
151,0.573,3.229,0.1775
152,0.573,3.225,0.1777
153,0.573,3.22,0.178
154,0.573,3.22,0.178
155,0.573,3.22,0.178
156,0.573,3.22,0.178
157,0.573,3.22,0.178
158,0.573,3.22,0.178
159,0.573,3.216,0.1782
160,0.573,3.216,0.1782
161,0.573,3.216,0.1782
162,0.573,3.211,0.1784
163,0.573,3.211,0.1784
164,0.573,3.207,0.1787
165,0.573,3.207,0.1787
166,0.573,3.202,0.179
167,0.573,3.198,0.1792
168,0.573,3.198,0.1792
169,0.573,3.198,0.1792
170,0.573,3.198,0.1792
171,0.574,3.194,0.1797
172,0.574,3.189,0.18
173,0.574,3.185,0.1802
174,0.574,3.185,0.1802
175,0.574,3.181,0.1804
176,0.574,3.176,0.1807
177,0.574,3.176,0.1807
178,0.574,3.159,0.1817
179,0.574,3.154,0.182
180,0.574,3.154,0.182
181,0.574,3.15,0.1822
182,0.574,3.15,0.1822
183,0.574,3.15,0.1822
184,0.574,3.146,0.1825
185,0.574,3.146,0.1825
186,0.574,3.146,0.1825
187,0.574,3.146,0.1825
188,0.574,3.142,0.1827
189,0.574,3.142,0.1827
190,0.574,3.137,0.183
191,0.574,3.137,0.183
192,0.574,3.133,0.1832
193,0.574,3.128,0.1835
194,0.574,3.124,0.1837
195,0.574,3.124,0.1837
196,0.574,3.124,0.1837
197,0.574,3.124,0.1837
198,0.574,3.12,0.184
199,0.574,3.115,0.1843
200,0.574,3.115,0.1843
201,0.574,3.111,0.1845
202,0.574,3.107,0.1847
203,0.574,3.102,0.185
204,0.574,3.102,0.185
205,0.574,3.098,0.1853
206,0.574,3.098,0.1853
207,0.574,3.098,0.1853
208,0.574,3.098,0.1853
209,0.574,3.094,0.1855
210,0.575,3.089,0.1861
211,0.575,3.085,0.1864
212,0.575,3.081,0.1866
213,0.575,3.076,0.1869
214,0.575,3.072,0.1872
215,0.575,3.067,0.1875
216,0.575,3.063,0.1877
217,0.574,3.059,0.1876
218,0.574,3.054,0.188
219,0.574,3.054,0.188
220,0.574,3.05,0.1882
221,0.574,3.045,0.1885
222,0.574,3.045,0.1885
223,0.574,3.041,0.1888
224,0.574,3.041,0.1888
225,0.574,3.041,0.1888
226,0.574,3.041,0.1888
227,0.574,3.036,0.1891
228,0.574,3.032,0.1893
229,0.574,3.028,0.1896
230,0.574,3.028,0.1896
231,0.575,3.023,0.1902
232,0.575,3.023,0.1902
233,0.575,3.023,0.1902
234,0.575,3.019,0.1905
235,0.575,3.014,0.1908
236,0.575,3.014,0.1908
237,0.575,3.01,0.191
238,0.575,3.006,0.1913
239,0.575,3.001,0.1916
240,0.575,3.001,0.1916
241,0.575,3.001,0.1916
242,0.575,2.997,0.1919
243,0.575,2.997,0.1919
244,0.575,2.997,0.1919
245,0.575,2.993,0.1921
246,0.575,2.989,0.1924
247,0.575,2.984,0.1927
248,0.575,2.98,0.193
249,0.575,2.98,0.193
250,0.575,2.972,0.1935
251,0.575,2.972,0.1935
252,0.575,2.972,0.1935
253,0.575,2.972,0.1935
254,0.575,2.972,0.1935
255,0.575,2.968,0.1937
256,0.575,2.963,0.1941
257,0.575,2.963,0.1941
258,0.575,2.963,0.1941
259,0.575,2.963,0.1941
260,0.575,2.963,0.1941
261,0.575,2.963,0.1941
262,0.576,2.959,0.1947
263,0.576,2.959,0.1947
264,0.576,2.955,0.1949
265,0.576,2.95,0.1953
266,0.576,2.946,0.1955
267,0.576,2.946,0.1955
268,0.576,2.946,0.1955
269,0.576,2.942,0.1958
270,0.576,2.942,0.1958
271,0.576,2.938,0.1961
272,0.576,2.938,0.1961
273,0.576,2.933,0.1964
274,0.576,2.933,0.1964
275,0.576,2.933,0.1964
276,0.576,2.929,0.1967
277,0.576,2.929,0.1967
278,0.576,2.929,0.1967
279,0.576,2.929,0.1967
280,0.576,2.924,0.197
281,0.576,2.924,0.197
282,0.576,2.92,0.1973
283,0.576,2.92,0.1973
284,0.577,2.915,0.1979
285,0.578,2.911,0.1986
286,0.578,2.911,0.1986
287,0.578,2.906,0.1989
288,0.578,2.902,0.1992
289,0.578,2.898,0.1994
290,0.578,2.898,0.1994
291,0.579,2.893,0.2001
292,0.579,2.889,0.2004
293,0.579,2.889,0.2004
294,0.579,2.884,0.2008
295,0.579,2.88,0.201
296,0.579,2.88,0.201
297,0.579,2.876,0.2013
298,0.579,2.871,0.2017
299,0.58,2.867,0.2023
300,0.579,2.862,0.2023
301,0.579,2.862,0.2023
302,0.579,2.858,0.2026
303,0.58,2.854,0.2032
304,0.58,2.849,0.2036
