no.,acc,apl,small_worldness
0,0.593,6.96,0.0852
1,0.592,6.8,0.0871
2,0.591,6.437,0.0918
3,0.591,6.319,0.0935
4,0.59,5.934,0.0994
5,0.59,5.804,0.1017
6,0.589,5.748,0.1025
7,0.589,5.536,0.1064
8,0.589,5.408,0.1089
9,0.589,5.363,0.1098
10,0.588,5.349,0.1099
11,0.588,5.31,0.1107
12,0.588,5.256,0.1119
13,0.588,5.233,0.1124
14,0.588,5.218,0.1127
15,0.587,5.093,0.1153
16,0.587,5.089,0.1153
17,0.587,5.056,0.1161
18,0.587,5.048,0.1163
19,0.586,4.761,0.1231
20,0.586,4.698,0.1247
21,0.586,4.536,0.1292
22,0.586,4.529,0.1294
23,0.586,4.48,0.1308
24,0.585,4.408,0.1327
25,0.585,4.408,0.1327
26,0.585,4.393,0.1332
27,0.585,4.381,0.1335
28,0.585,4.378,0.1336
29,0.585,4.334,0.135
30,0.585,4.334,0.135
31,0.584,4.267,0.1369
32,0.584,4.241,0.1377
33,0.584,4.233,0.138
34,0.584,4.208,0.1388
35,0.584,4.204,0.1389
36,0.583,4.167,0.1399
37,0.583,4.144,0.1407
38,0.583,4.117,0.1416
39,0.582,4.101,0.1419
40,0.582,4.097,0.1421
41,0.582,4.008,0.1452
42,0.582,4.004,0.1454
43,0.581,3.979,0.146
44,0.581,3.968,0.1464
45,0.581,3.907,0.1487
46,0.581,3.896,0.1491
47,0.58,3.862,0.1502
48,0.58,3.862,0.1502
49,0.58,3.845,0.1508
50,0.58,3.845,0.1508
51,0.58,3.836,0.1512
52,0.58,3.821,0.1518
53,0.579,3.801,0.1523
54,0.579,3.797,0.1525
55,0.579,3.79,0.1528
56,0.579,3.785,0.153
57,0.579,3.781,0.1531
58,0.579,3.777,0.1533
59,0.579,3.769,0.1536
60,0.579,3.761,0.1539
61,0.579,3.749,0.1544
62,0.579,3.745,0.1546
63,0.578,3.74,0.1545
64,0.578,3.74,0.1545
65,0.578,3.728,0.155
66,0.578,3.721,0.1553
67,0.578,3.661,0.1579
68,0.578,3.651,0.1583
69,0.578,3.651,0.1583
70,0.578,3.63,0.1592
71,0.578,3.61,0.1601
72,0.577,3.599,0.1603
73,0.577,3.59,0.1607
74,0.577,3.59,0.1607
75,0.577,3.586,0.1609
76,0.577,3.582,0.1611
77,0.577,3.582,0.1611
78,0.577,3.577,0.1613
79,0.577,3.577,0.1613
80,0.577,3.573,0.1615
81,0.577,3.573,0.1615
82,0.577,3.569,0.1617
83,0.577,3.565,0.1619
84,0.577,3.56,0.1621
85,0.577,3.556,0.1623
86,0.577,3.552,0.1624
87,0.577,3.547,0.1627
88,0.577,3.547,0.1627
89,0.577,3.53,0.1635
90,0.577,3.526,0.1636
91,0.576,3.506,0.1643
92,0.576,3.454,0.1668
93,0.576,3.429,0.168
94,0.576,3.429,0.168
95,0.576,3.421,0.1684
96,0.575,3.417,0.1683
97,0.575,3.413,0.1685
98,0.575,3.4,0.1691
99,0.575,3.395,0.1694
100,0.575,3.391,0.1696
101,0.575,3.387,0.1698
102,0.575,3.382,0.17
103,0.575,3.378,0.1702
104,0.575,3.373,0.1705
105,0.575,3.373,0.1705
106,0.575,3.369,0.1707
107,0.575,3.361,0.1711
108,0.575,3.348,0.1717
109,0.575,3.348,0.1717
110,0.575,3.348,0.1717
111,0.575,3.344,0.1719
112,0.575,3.339,0.1722
113,0.575,3.335,0.1724
114,0.575,3.331,0.1726
115,0.575,3.327,0.1728
116,0.575,3.323,0.173
117,0.574,3.318,0.173
118,0.574,3.318,0.173
119,0.574,3.318,0.173
120,0.574,3.314,0.1732
121,0.574,3.31,0.1734
122,0.574,3.305,0.1737
123,0.574,3.301,0.1739
124,0.574,3.292,0.1744
125,0.574,3.288,0.1746
126,0.574,3.284,0.1748
127,0.574,3.28,0.175
128,0.574,3.28,0.175
129,0.574,3.28,0.175
130,0.574,3.275,0.1753
131,0.574,3.271,0.1755
132,0.574,3.271,0.1755
133,0.574,3.267,0.1757
134,0.574,3.267,0.1757
135,0.574,3.267,0.1757
136,0.574,3.255,0.1763
137,0.574,3.255,0.1763
138,0.574,3.255,0.1763
139,0.574,3.251,0.1766
140,0.574,3.239,0.1772
141,0.574,3.239,0.1772
142,0.574,3.239,0.1772
143,0.574,3.235,0.1774
144,0.574,3.23,0.1777
145,0.574,3.226,0.1779
146,0.574,3.222,0.1782
147,0.574,3.222,0.1782
148,0.574,3.218,0.1784
149,0.574,3.213,0.1786
150,0.574,3.201,0.1793
151,0.574,3.184,0.1803
152,0.574,3.184,0.1803
153,0.574,3.18,0.1805
154,0.574,3.176,0.1807
155,0.574,3.171,0.181
156,0.574,3.167,0.1812
157,0.574,3.167,0.1812
158,0.574,3.167,0.1812
159,0.574,3.163,0.1815
160,0.574,3.163,0.1815
161,0.574,3.163,0.1815
162,0.573,3.159,0.1814
163,0.573,3.159,0.1814
164,0.574,3.154,0.182
165,0.574,3.15,0.1822
166,0.574,3.146,0.1825
167,0.574,3.141,0.1827
168,0.574,3.137,0.183
169,0.574,3.132,0.1833
170,0.574,3.128,0.1835
171,0.574,3.124,0.1837
172,0.574,3.124,0.1837
173,0.574,3.12,0.184
174,0.574,3.115,0.1843
175,0.574,3.115,0.1843
176,0.574,3.11,0.1846
177,0.574,3.11,0.1846
178,0.574,3.106,0.1848
179,0.575,3.102,0.1854
180,0.574,3.097,0.1853
181,0.574,3.097,0.1853
182,0.574,3.093,0.1856
183,0.574,3.089,0.1858
184,0.574,3.089,0.1858
185,0.574,3.089,0.1858
186,0.574,3.089,0.1858
187,0.574,3.089,0.1858
188,0.575,3.084,0.1864
189,0.575,3.084,0.1864
190,0.575,3.08,0.1867
191,0.575,3.08,0.1867
192,0.576,3.075,0.1873
193,0.576,3.071,0.1876
194,0.576,3.071,0.1876
195,0.576,3.067,0.1878
196,0.576,3.062,0.1881
197,0.576,3.058,0.1884
198,0.576,3.058,0.1884
199,0.576,3.054,0.1886
200,0.576,3.054,0.1886
201,0.576,3.054,0.1886
202,0.576,3.054,0.1886
203,0.576,3.054,0.1886
204,0.576,3.054,0.1886
205,0.576,3.05,0.1889
206,0.576,3.05,0.1889
207,0.576,3.045,0.1892
208,0.576,3.045,0.1892
209,0.576,3.041,0.1894
210,0.577,3.037,0.19
211,0.577,3.037,0.19
212,0.577,3.037,0.19
213,0.577,3.037,0.19
214,0.577,3.037,0.19
215,0.577,3.032,0.1903
216,0.577,3.032,0.1903
217,0.577,3.032,0.1903
218,0.577,3.032,0.1903
219,0.577,3.032,0.1903
220,0.577,3.028,0.1906
221,0.576,3.024,0.1905
222,0.577,3.019,0.1911
223,0.577,3.015,0.1914
224,0.577,3.01,0.1917
225,0.577,3.01,0.1917
226,0.577,3.01,0.1917
227,0.577,3.01,0.1917
228,0.577,3.006,0.1919
229,0.577,3.001,0.1923
230,0.577,2.997,0.1925
231,0.577,2.992,0.1928
232,0.578,2.988,0.1934
233,0.578,2.988,0.1934
234,0.578,2.984,0.1937
235,0.578,2.979,0.194
236,0.578,2.975,0.1943
237,0.578,2.975,0.1943
238,0.578,2.97,0.1946
239,0.578,2.966,0.1949
240,0.578,2.962,0.1951
241,0.578,2.962,0.1951
242,0.578,2.962,0.1951
243,0.578,2.957,0.1955
244,0.578,2.949,0.196
245,0.578,2.945,0.1963
246,0.578,2.945,0.1963
247,0.578,2.945,0.1963
248,0.578,2.941,0.1965
249,0.578,2.941,0.1965
250,0.578,2.941,0.1965
251,0.578,2.941,0.1965
252,0.578,2.936,0.1969
253,0.578,2.932,0.1971
254,0.578,2.928,0.1974
255,0.579,2.923,0.1981
256,0.579,2.919,0.1984
257,0.579,2.914,0.1987
258,0.58,2.91,0.1993
259,0.58,2.91,0.1993
260,0.58,2.905,0.1997
261,0.58,2.905,0.1997
262,0.58,2.901,0.1999
263,0.58,2.901,0.1999
264,0.581,2.897,0.2006
265,0.581,2.897,0.2006
266,0.581,2.897,0.2006
267,0.581,2.897,0.2006
268,0.581,2.897,0.2006
269,0.581,2.892,0.2009
270,0.581,2.888,0.2012
271,0.581,2.884,0.2015
272,0.581,2.884,0.2015
273,0.581,2.884,0.2015
274,0.581,2.884,0.2015
275,0.581,2.879,0.2018
276,0.581,2.875,0.2021
277,0.581,2.875,0.2021
278,0.581,2.875,0.2021
279,0.581,2.871,0.2024
280,0.581,2.866,0.2027
281,0.581,2.861,0.2031
282,0.581,2.861,0.2031
283,0.581,2.857,0.2034
284,0.581,2.852,0.2037
285,0.581,2.852,0.2037
286,0.582,2.848,0.2044
