no.,acc,apl,small_worldness
0,0.593,6.96,0.0852
1,0.592,6.824,0.0868
2,0.591,6.802,0.0869
3,0.591,6.418,0.0921
4,0.59,6.213,0.095
5,0.59,6.048,0.0976
6,0.59,6.034,0.0978
7,0.59,6.034,0.0978
8,0.589,5.904,0.0998
9,0.589,5.845,0.1008
10,0.589,5.785,0.1018
11,0.589,5.701,0.1033
12,0.589,5.667,0.1039
13,0.588,5.524,0.1064
14,0.588,5.382,0.1093
15,0.588,5.132,0.1146
16,0.587,4.937,0.1189
17,0.587,4.782,0.1228
18,0.587,4.762,0.1233
19,0.586,4.729,0.1239
20,0.586,4.681,0.1252
21,0.586,4.582,0.1279
22,0.585,4.561,0.1283
23,0.585,4.534,0.129
24,0.585,4.522,0.1294
25,0.585,4.422,0.1323
26,0.584,4.411,0.1324
27,0.584,4.24,0.1377
28,0.584,4.167,0.1401
29,0.584,4.118,0.1418
30,0.584,4.065,0.1437
31,0.584,4.062,0.1438
32,0.583,4.057,0.1437
33,0.583,4.027,0.1448
34,0.583,4.011,0.1454
35,0.583,4.007,0.1455
36,0.582,3.995,0.1457
37,0.582,3.991,0.1458
38,0.582,3.966,0.1467
39,0.582,3.962,0.1469
40,0.582,3.957,0.1471
41,0.582,3.947,0.1475
42,0.581,3.943,0.1473
43,0.581,3.935,0.1476
44,0.581,3.906,0.1487
45,0.581,3.884,0.1496
46,0.581,3.871,0.1501
47,0.581,3.867,0.1502
48,0.581,3.809,0.1525
49,0.58,3.797,0.1528
50,0.58,3.797,0.1528
51,0.58,3.797,0.1528
52,0.58,3.785,0.1532
53,0.58,3.785,0.1532
54,0.58,3.781,0.1534
55,0.58,3.777,0.1536
56,0.58,3.748,0.1547
57,0.58,3.717,0.156
58,0.58,3.713,0.1562
59,0.58,3.713,0.1562
60,0.58,3.713,0.1562
61,0.58,3.709,0.1564
62,0.58,3.705,0.1565
63,0.58,3.701,0.1567
64,0.579,3.693,0.1568
65,0.579,3.682,0.1573
66,0.579,3.678,0.1574
67,0.579,3.673,0.1576
68,0.579,3.673,0.1576
69,0.579,3.673,0.1576
70,0.578,3.661,0.1579
71,0.578,3.647,0.1585
72,0.578,3.643,0.1587
73,0.578,3.636,0.159
74,0.578,3.623,0.1595
75,0.577,3.619,0.1594
76,0.577,3.614,0.1597
77,0.577,3.61,0.1598
78,0.577,3.592,0.1606
79,0.577,3.588,0.1608
80,0.576,3.57,0.1613
81,0.576,3.566,0.1615
82,0.576,3.561,0.1618
83,0.576,3.55,0.1623
84,0.576,3.534,0.163
85,0.576,3.529,0.1632
86,0.576,3.525,0.1634
87,0.575,3.52,0.1634
88,0.575,3.508,0.1639
89,0.576,3.504,0.1644
90,0.575,3.493,0.1646
91,0.575,3.488,0.1649
92,0.575,3.484,0.165
93,0.575,3.484,0.165
94,0.575,3.484,0.165
95,0.575,3.48,0.1652
96,0.575,3.463,0.166
97,0.575,3.459,0.1662
98,0.575,3.455,0.1664
99,0.575,3.442,0.1671
100,0.575,3.438,0.1672
101,0.575,3.438,0.1672
102,0.575,3.421,0.1681
103,0.575,3.421,0.1681
104,0.575,3.417,0.1683
105,0.574,3.412,0.1682
106,0.574,3.412,0.1682
107,0.574,3.407,0.1685
108,0.574,3.407,0.1685
109,0.574,3.407,0.1685
110,0.574,3.403,0.1687
111,0.574,3.395,0.1691
112,0.574,3.39,0.1693
113,0.574,3.386,0.1695
114,0.574,3.386,0.1695
115,0.574,3.386,0.1695
116,0.574,3.386,0.1695
117,0.574,3.382,0.1697
118,0.574,3.382,0.1697
119,0.574,3.377,0.17
120,0.574,3.373,0.1702
121,0.574,3.365,0.1706
122,0.574,3.361,0.1708
123,0.574,3.357,0.171
124,0.574,3.352,0.1712
125,0.574,3.352,0.1712
126,0.574,3.352,0.1712
127,0.574,3.348,0.1714
128,0.574,3.348,0.1714
129,0.573,3.329,0.1721
130,0.574,3.325,0.1726
131,0.574,3.32,0.1729
132,0.574,3.32,0.1729
133,0.574,3.316,0.1731
134,0.574,3.312,0.1733
135,0.574,3.304,0.1737
136,0.574,3.295,0.1742
137,0.574,3.295,0.1742
138,0.574,3.291,0.1744
139,0.574,3.291,0.1744
140,0.574,3.286,0.1747
141,0.574,3.282,0.1749
142,0.574,3.278,0.1751
143,0.574,3.256,0.1763
144,0.574,3.256,0.1763
145,0.574,3.251,0.1766
146,0.574,3.239,0.1772
147,0.574,3.239,0.1772
148,0.574,3.239,0.1772
149,0.573,3.234,0.1772
150,0.574,3.221,0.1782
151,0.574,3.221,0.1782
152,0.573,3.213,0.1783
153,0.573,3.209,0.1786
154,0.573,3.204,0.1788
155,0.573,3.2,0.1791
156,0.573,3.195,0.1793
157,0.573,3.195,0.1793
158,0.573,3.176,0.1804
159,0.573,3.176,0.1804
160,0.573,3.172,0.1806
161,0.573,3.172,0.1806
162,0.573,3.168,0.1809
163,0.573,3.163,0.1812
164,0.574,3.159,0.1817
165,0.574,3.159,0.1817
166,0.574,3.154,0.182
167,0.574,3.154,0.182
168,0.574,3.15,0.1822
169,0.574,3.146,0.1825
170,0.573,3.137,0.1827
171,0.574,3.133,0.1832
172,0.574,3.128,0.1835
173,0.574,3.128,0.1835
174,0.574,3.124,0.1837
175,0.574,3.12,0.184
176,0.574,3.115,0.1843
177,0.574,3.115,0.1843
178,0.574,3.115,0.1843
179,0.574,3.111,0.1845
180,0.574,3.106,0.1848
181,0.574,3.102,0.185
182,0.574,3.098,0.1853
183,0.574,3.098,0.1853
184,0.574,3.094,0.1855
185,0.574,3.085,0.1861
186,0.574,3.081,0.1863
187,0.574,3.077,0.1865
188,0.574,3.072,0.1868
189,0.574,3.068,0.1871
190,0.574,3.064,0.1873
191,0.574,3.059,0.1876
192,0.574,3.055,0.1879
193,0.574,3.055,0.1879
194,0.574,3.055,0.1879
195,0.575,3.051,0.1885
196,0.575,3.046,0.1888
197,0.575,3.042,0.189
198,0.575,3.038,0.1893
199,0.575,3.038,0.1893
200,0.575,3.033,0.1896
201,0.575,3.033,0.1896
202,0.575,3.029,0.1898
203,0.575,3.029,0.1898
204,0.575,3.029,0.1898
205,0.575,3.025,0.1901
206,0.576,3.02,0.1907
207,0.576,3.016,0.191
208,0.576,3.012,0.1912
209,0.576,3.012,0.1912
210,0.576,3.007,0.1916
211,0.576,3.003,0.1918
212,0.576,2.999,0.1921
213,0.577,2.994,0.1927
214,0.577,2.994,0.1927
215,0.577,2.994,0.1927
216,0.576,2.99,0.1926
217,0.576,2.985,0.193
218,0.576,2.985,0.193
219,0.576,2.981,0.1932
220,0.576,2.981,0.1932
221,0.576,2.977,0.1935
222,0.576,2.972,0.1938
223,0.576,2.968,0.1941
224,0.576,2.968,0.1941
225,0.576,2.968,0.1941
226,0.576,2.968,0.1941
227,0.576,2.968,0.1941
228,0.576,2.959,0.1947
229,0.576,2.959,0.1947
230,0.577,2.955,0.1953
231,0.577,2.955,0.1953
232,0.577,2.955,0.1953
233,0.577,2.955,0.1953
234,0.577,2.95,0.1956
235,0.576,2.945,0.1956
236,0.576,2.941,0.1959
237,0.576,2.941,0.1959
238,0.576,2.941,0.1959
239,0.577,2.937,0.1965
240,0.577,2.932,0.1968
241,0.577,2.932,0.1968
242,0.577,2.928,0.1971
243,0.577,2.928,0.1971
244,0.577,2.924,0.1973
245,0.577,2.924,0.1973
246,0.577,2.924,0.1973
247,0.577,2.92,0.1976
248,0.577,2.915,0.1979
249,0.577,2.915,0.1979
250,0.577,2.911,0.1982
251,0.577,2.911,0.1982
252,0.577,2.907,0.1985
253,0.577,2.903,0.1988
254,0.577,2.898,0.1991
255,0.577,2.898,0.1991
256,0.577,2.898,0.1991
257,0.577,2.898,0.1991
258,0.577,2.898,0.1991
259,0.577,2.898,0.1991
260,0.578,2.894,0.1997
261,0.578,2.894,0.1997
262,0.578,2.894,0.1997
263,0.578,2.89,0.2
264,0.578,2.89,0.2
265,0.578,2.89,0.2
266,0.578,2.89,0.2
267,0.578,2.89,0.2
268,0.578,2.89,0.2
269,0.578,2.89,0.2
270,0.578,2.885,0.2003
271,0.578,2.885,0.2003
272,0.578,2.881,0.2006
273,0.579,2.877,0.2013
274,0.579,2.872,0.2016
275,0.579,2.872,0.2016
276,0.579,2.872,0.2016
277,0.579,2.872,0.2016
278,0.579,2.872,0.2016
279,0.579,2.872,0.2016
280,0.579,2.872,0.2016
281,0.579,2.872,0.2016
282,0.579,2.868,0.2019
283,0.579,2.868,0.2019
284,0.579,2.868,0.2019
285,0.579,2.868,0.2019
286,0.579,2.868,0.2019
287,0.579,2.868,0.2019
288,0.579,2.868,0.2019
289,0.579,2.863,0.2022
290,0.579,2.863,0.2022
291,0.579,2.863,0.2022
292,0.579,2.859,0.2025
293,0.58,2.855,0.2032
294,0.58,2.855,0.2032
295,0.58,2.85,0.2035
