no.,acc,apl,small_worldness
0,0.593,6.96,0.0852
1,0.593,6.469,0.0917
2,0.592,6.44,0.0919
3,0.592,6.434,0.092
4,0.591,6.267,0.0943
5,0.591,5.981,0.0988
6,0.589,5.894,0.0999
7,0.589,5.811,0.1014
8,0.588,5.709,0.103
9,0.588,5.625,0.1045
10,0.587,5.62,0.1044
11,0.587,5.532,0.1061
12,0.586,5.483,0.1069
13,0.586,5.448,0.1076
14,0.585,5.416,0.108
15,0.585,5.414,0.1081
16,0.585,5.399,0.1084
17,0.584,5.302,0.1101
18,0.584,5.265,0.1109
19,0.583,5.244,0.1112
20,0.582,5.186,0.1122
21,0.582,5.141,0.1132
22,0.581,5.117,0.1135
23,0.581,5.098,0.114
24,0.581,4.969,0.1169
25,0.58,4.952,0.1171
26,0.58,4.924,0.1178
27,0.578,4.908,0.1178
28,0.578,4.888,0.1182
29,0.578,4.866,0.1188
30,0.578,4.865,0.1188
31,0.577,4.82,0.1197
32,0.577,4.721,0.1222
33,0.576,4.672,0.1233
34,0.576,4.663,0.1235
35,0.575,4.623,0.1244
36,0.575,4.617,0.1245
37,0.574,4.615,0.1244
38,0.574,4.603,0.1247
39,0.573,4.566,0.1255
40,0.573,4.519,0.1268
41,0.572,4.51,0.1268
42,0.572,4.502,0.1271
43,0.571,4.465,0.1279
44,0.57,4.454,0.128
45,0.57,4.427,0.1288
46,0.57,4.414,0.1291
47,0.569,4.389,0.1296
48,0.569,4.373,0.1301
49,0.568,4.356,0.1304
50,0.568,4.336,0.131
51,0.567,4.329,0.131
52,0.566,4.315,0.1312
53,0.566,4.306,0.1314
54,0.565,4.28,0.132
55,0.565,4.273,0.1322
56,0.565,4.27,0.1323
57,0.564,4.26,0.1324
58,0.564,4.257,0.1325
59,0.563,4.243,0.1327
60,0.563,4.238,0.1328
61,0.563,4.219,0.1334
62,0.562,4.199,0.1338
63,0.562,4.181,0.1344
64,0.561,4.164,0.1347
65,0.561,4.146,0.1353
66,0.56,4.125,0.1358
67,0.56,4.124,0.1358
68,0.559,4.121,0.1356
69,0.559,4.112,0.1359
70,0.558,4.107,0.1359
71,0.558,4.089,0.1365
72,0.557,4.084,0.1364
73,0.557,4.069,0.1369
74,0.556,4.059,0.137
75,0.556,4.051,0.1373
76,0.556,4.046,0.1374
77,0.555,4.04,0.1374
78,0.555,4.026,0.1379
79,0.554,4.018,0.1379
80,0.554,4.012,0.1381
81,0.553,4.005,0.1381
82,0.553,3.993,0.1385
83,0.552,3.989,0.1384
84,0.551,3.973,0.1387
85,0.55,3.959,0.1389
86,0.55,3.957,0.139
87,0.549,3.943,0.1392
88,0.549,3.936,0.1395
89,0.549,3.918,0.1401
90,0.548,3.911,0.1401
91,0.548,3.905,0.1403
92,0.548,3.897,0.1406
93,0.547,3.893,0.1405
94,0.546,3.883,0.1406
95,0.546,3.877,0.1408
96,0.546,3.874,0.1409
97,0.545,3.867,0.1409
98,0.545,3.861,0.1412
99,0.544,3.855,0.1411
100,0.544,3.851,0.1413
101,0.543,3.844,0.1413
102,0.543,3.838,0.1415
103,0.543,3.815,0.1423
104,0.542,3.803,0.1425
105,0.542,3.795,0.1428
106,0.541,3.794,0.1426
107,0.54,3.792,0.1424
108,0.54,3.783,0.1427
109,0.539,3.779,0.1426
110,0.539,3.77,0.143
111,0.538,3.767,0.1428
112,0.538,3.757,0.1432
113,0.537,3.741,0.1435
114,0.537,3.737,0.1437
115,0.536,3.735,0.1435
116,0.536,3.73,0.1437
117,0.536,3.73,0.1437
118,0.535,3.729,0.1435
119,0.535,3.723,0.1437
120,0.535,3.721,0.1438
121,0.534,3.712,0.1439
122,0.534,3.706,0.1441
123,0.533,3.704,0.1439
124,0.533,3.697,0.1442
125,0.533,3.695,0.1442
126,0.532,3.69,0.1442
127,0.532,3.682,0.1445
128,0.531,3.675,0.1445
129,0.531,3.672,0.1446
130,0.53,3.662,0.1447
131,0.53,3.656,0.145
132,0.529,3.653,0.1448
133,0.529,3.647,0.1451
134,0.528,3.644,0.1449
135,0.528,3.642,0.145
136,0.528,3.638,0.1451
137,0.527,3.635,0.145
138,0.526,3.632,0.1448
139,0.526,3.628,0.145
140,0.526,3.625,0.1451
141,0.525,3.622,0.1449
142,0.525,3.618,0.1451
143,0.524,3.615,0.145
144,0.524,3.612,0.1451
145,0.522,3.611,0.1446
146,0.522,3.608,0.1447
147,0.522,3.603,0.1449
148,0.521,3.596,0.1449
149,0.521,3.593,0.145
150,0.52,3.589,0.1449
151,0.52,3.585,0.145
152,0.52,3.583,0.1451
153,0.519,3.578,0.1451
154,0.519,3.576,0.1451
155,0.518,3.57,0.1451
156,0.518,3.566,0.1453
157,0.517,3.564,0.1451
158,0.517,3.561,0.1452
159,0.517,3.56,0.1452
160,0.516,3.553,0.1452
161,0.516,3.547,0.1455
162,0.515,3.542,0.1454
163,0.515,3.539,0.1455
164,0.514,3.535,0.1454
165,0.514,3.531,0.1456
166,0.514,3.528,0.1457
167,0.513,3.522,0.1457
168,0.513,3.516,0.1459
169,0.512,3.515,0.1457
170,0.512,3.512,0.1458
171,0.511,3.508,0.1457
172,0.511,3.505,0.1458
173,0.51,3.504,0.1455
174,0.51,3.502,0.1456
175,0.51,3.498,0.1458
176,0.509,3.494,0.1457
177,0.509,3.494,0.1457
178,0.508,3.491,0.1455
179,0.508,3.487,0.1457
180,0.508,3.48,0.146
181,0.507,3.476,0.1459
182,0.507,3.472,0.146
183,0.506,3.471,0.1458
184,0.506,3.469,0.1459
185,0.505,3.466,0.1457
186,0.505,3.463,0.1458
187,0.504,3.461,0.1456
188,0.504,3.458,0.1457
189,0.503,3.453,0.1457
190,0.503,3.45,0.1458
191,0.503,3.448,0.1459
192,0.502,3.443,0.1458
193,0.502,3.44,0.1459
194,0.502,3.439,0.146
195,0.501,3.438,0.1457
196,0.501,3.435,0.1459
197,0.501,3.432,0.146
198,0.5,3.428,0.1459
199,0.5,3.425,0.146
200,0.499,3.42,0.1459
