no.,acc,apl,small_worldness
0,0.593,6.96,0.0852
1,0.593,6.815,0.087
2,0.592,6.72,0.0881
3,0.591,6.603,0.0895
4,0.591,6.288,0.094
5,0.59,6.227,0.0947
6,0.59,6.01,0.0982
7,0.589,5.952,0.099
8,0.589,5.816,0.1013
9,0.589,5.614,0.1049
10,0.588,5.613,0.1048
11,0.588,5.555,0.1059
12,0.586,5.437,0.1078
13,0.586,5.375,0.109
14,0.585,5.327,0.1098
15,0.585,5.306,0.1103
16,0.584,5.279,0.1106
17,0.583,5.209,0.1119
18,0.583,5.135,0.1135
19,0.582,5.074,0.1147
20,0.582,5.042,0.1154
21,0.581,4.987,0.1165
22,0.581,4.946,0.1175
23,0.58,4.944,0.1173
24,0.579,4.864,0.119
25,0.579,4.828,0.1199
26,0.578,4.785,0.1208
27,0.578,4.756,0.1215
28,0.578,4.659,0.1241
29,0.577,4.633,0.1245
30,0.577,4.615,0.125
31,0.576,4.597,0.1253
32,0.576,4.572,0.126
33,0.575,4.56,0.1261
34,0.575,4.549,0.1264
35,0.574,4.527,0.1268
36,0.574,4.506,0.1274
37,0.573,4.496,0.1274
38,0.573,4.47,0.1282
39,0.572,4.456,0.1284
40,0.572,4.439,0.1289
41,0.571,4.419,0.1292
42,0.571,4.37,0.1307
43,0.57,4.345,0.1312
44,0.57,4.325,0.1318
45,0.569,4.307,0.1321
46,0.569,4.301,0.1323
47,0.569,4.301,0.1323
48,0.568,4.295,0.1322
49,0.568,4.275,0.1329
50,0.568,4.247,0.1337
51,0.567,4.24,0.1337
52,0.567,4.229,0.1341
53,0.566,4.212,0.1344
54,0.565,4.208,0.1343
55,0.565,4.191,0.1348
56,0.564,4.185,0.1348
57,0.564,4.17,0.1353
58,0.563,4.147,0.1358
59,0.563,4.138,0.1361
60,0.562,4.124,0.1363
61,0.561,4.115,0.1363
62,0.561,4.106,0.1366
63,0.56,4.101,0.1366
64,0.559,4.098,0.1364
65,0.559,4.091,0.1366
66,0.558,4.087,0.1365
67,0.558,4.081,0.1367
68,0.558,4.072,0.137
69,0.557,4.067,0.137
70,0.557,4.062,0.1371
71,0.556,4.057,0.137
72,0.556,4.043,0.1375
73,0.555,4.037,0.1375
74,0.554,4.03,0.1375
75,0.554,4.029,0.1375
76,0.553,4.01,0.1379
77,0.553,4.007,0.138
78,0.552,4.001,0.138
79,0.552,3.989,0.1384
80,0.551,3.981,0.1384
81,0.551,3.978,0.1385
82,0.55,3.968,0.1386
83,0.55,3.965,0.1387
84,0.55,3.951,0.1392
85,0.549,3.944,0.1392
86,0.548,3.938,0.1392
87,0.547,3.933,0.1391
88,0.546,3.93,0.1389
89,0.546,3.925,0.1391
90,0.545,3.908,0.1395
91,0.545,3.907,0.1395
92,0.545,3.906,0.1395
93,0.544,3.902,0.1394
94,0.544,3.9,0.1395
95,0.543,3.89,0.1396
96,0.543,3.887,0.1397
97,0.543,3.88,0.1399
98,0.542,3.879,0.1397
99,0.541,3.869,0.1398
100,0.541,3.866,0.1399
101,0.54,3.857,0.14
102,0.54,3.854,0.1401
103,0.539,3.847,0.1401
104,0.539,3.835,0.1405
105,0.538,3.833,0.1404
106,0.538,3.822,0.1408
107,0.537,3.804,0.1412
108,0.537,3.802,0.1412
109,0.536,3.8,0.1411
110,0.536,3.793,0.1413
111,0.536,3.785,0.1416
112,0.535,3.775,0.1417
113,0.534,3.764,0.1419
114,0.534,3.757,0.1421
115,0.534,3.748,0.1425
116,0.533,3.745,0.1423
117,0.532,3.739,0.1423
118,0.532,3.733,0.1425
119,0.531,3.727,0.1425
120,0.531,3.722,0.1427
121,0.53,3.713,0.1427
122,0.53,3.713,0.1427
123,0.53,3.706,0.143
124,0.529,3.704,0.1428
125,0.529,3.7,0.143
126,0.528,3.696,0.1429
127,0.528,3.691,0.1431
128,0.527,3.689,0.1429
129,0.527,3.685,0.143
130,0.527,3.683,0.1431
131,0.526,3.68,0.1429
132,0.526,3.676,0.1431
133,0.525,3.674,0.1429
134,0.525,3.666,0.1432
135,0.524,3.66,0.1432
136,0.524,3.658,0.1432
137,0.524,3.655,0.1434
138,0.523,3.652,0.1432
139,0.522,3.647,0.1431
140,0.521,3.645,0.1429
141,0.521,3.642,0.1431
142,0.52,3.635,0.1431
143,0.52,3.627,0.1434
144,0.52,3.622,0.1436
145,0.519,3.62,0.1434
146,0.519,3.616,0.1435
147,0.518,3.612,0.1434
148,0.517,3.608,0.1433
149,0.517,3.605,0.1434
150,0.517,3.599,0.1437
151,0.516,3.595,0.1435
152,0.516,3.594,0.1436
153,0.515,3.591,0.1434
154,0.515,3.59,0.1435
155,0.515,3.586,0.1436
156,0.515,3.58,0.1439
157,0.514,3.576,0.1437
158,0.513,3.57,0.1437
159,0.513,3.567,0.1438
160,0.513,3.564,0.1439
161,0.512,3.558,0.1439
162,0.512,3.556,0.144
163,0.512,3.553,0.1441
164,0.511,3.546,0.1441
165,0.511,3.542,0.1443
166,0.511,3.538,0.1444
167,0.51,3.536,0.1442
168,0.509,3.534,0.144
169,0.509,3.53,0.1442
170,0.508,3.528,0.144
171,0.508,3.524,0.1442
172,0.507,3.523,0.1439
173,0.507,3.519,0.1441
174,0.506,3.517,0.1439
175,0.506,3.514,0.144
176,0.505,3.511,0.1438
177,0.505,3.505,0.1441
178,0.504,3.502,0.1439
179,0.504,3.494,0.1442
180,0.504,3.489,0.1445
181,0.503,3.486,0.1443
182,0.503,3.484,0.1444
183,0.503,3.482,0.1445
184,0.502,3.479,0.1443
185,0.502,3.477,0.1444
186,0.502,3.476,0.1444
187,0.501,3.475,0.1442
188,0.501,3.47,0.1444
189,0.5,3.469,0.1441
190,0.5,3.467,0.1442
191,0.5,3.462,0.1444
192,0.499,3.461,0.1442
193,0.499,3.456,0.1444
194,0.499,3.451,0.1446
195,0.498,3.45,0.1443
196,0.498,3.449,0.1444
197,0.498,3.449,0.1444
198,0.497,3.443,0.1444
199,0.497,3.443,0.1444
200,0.497,3.435,0.1447
