no.,acc,apl,small_worldness
0,0.593,6.96,0.0852
1,0.592,6.918,0.0856
2,0.592,6.65,0.089
3,0.592,6.518,0.0908
4,0.591,6.294,0.0939
5,0.591,5.97,0.099
6,0.59,5.74,0.1028
7,0.59,5.622,0.1049
8,0.589,5.473,0.1076
9,0.589,5.445,0.1082
10,0.588,5.401,0.1089
11,0.588,5.394,0.109
12,0.587,5.358,0.1096
13,0.587,5.357,0.1096
14,0.586,5.327,0.11
15,0.586,5.285,0.1109
16,0.585,5.236,0.1117
17,0.584,5.189,0.1125
18,0.584,5.133,0.1138
19,0.583,5.067,0.1151
20,0.583,4.99,0.1168
21,0.582,4.943,0.1177
22,0.582,4.92,0.1183
23,0.581,4.825,0.1204
24,0.581,4.803,0.121
25,0.58,4.777,0.1214
26,0.579,4.764,0.1215
27,0.579,4.743,0.1221
28,0.578,4.718,0.1225
29,0.578,4.679,0.1235
30,0.578,4.642,0.1245
31,0.577,4.611,0.1251
32,0.577,4.582,0.1259
33,0.576,4.545,0.1267
34,0.575,4.54,0.1267
35,0.575,4.537,0.1267
36,0.575,4.529,0.127
37,0.574,4.505,0.1274
38,0.574,4.486,0.128
39,0.573,4.449,0.1288
40,0.573,4.43,0.1293
41,0.572,4.413,0.1296
42,0.571,4.394,0.1299
43,0.571,4.388,0.1301
44,0.57,4.386,0.13
45,0.57,4.373,0.1303
46,0.569,4.337,0.1312
47,0.569,4.293,0.1325
48,0.568,4.283,0.1326
49,0.568,4.267,0.1331
50,0.567,4.247,0.1335
51,0.567,4.239,0.1338
52,0.567,4.237,0.1338
53,0.567,4.209,0.1347
54,0.567,4.197,0.1351
55,0.566,4.188,0.1351
56,0.566,4.178,0.1355
57,0.565,4.171,0.1355
58,0.565,4.159,0.1358
59,0.564,4.144,0.1361
60,0.564,4.142,0.1362
61,0.564,4.14,0.1362
62,0.563,4.134,0.1362
63,0.563,4.126,0.1365
64,0.562,4.123,0.1363
65,0.561,4.113,0.1364
66,0.56,4.109,0.1363
67,0.56,4.095,0.1368
68,0.56,4.087,0.137
69,0.559,4.077,0.1371
70,0.559,4.074,0.1372
71,0.558,4.072,0.137
72,0.558,4.061,0.1374
73,0.557,4.057,0.1373
74,0.557,4.047,0.1376
75,0.556,4.046,0.1374
76,0.556,4.039,0.1377
77,0.555,4.032,0.1376
78,0.555,3.998,0.1388
79,0.554,3.995,0.1387
80,0.554,3.985,0.139
81,0.553,3.981,0.1389
82,0.552,3.975,0.1389
83,0.552,3.96,0.1394
84,0.552,3.953,0.1396
85,0.551,3.946,0.1396
86,0.551,3.937,0.14
87,0.55,3.935,0.1398
88,0.55,3.924,0.1402
89,0.549,3.919,0.1401
90,0.549,3.912,0.1403
91,0.548,3.909,0.1402
92,0.548,3.895,0.1407
93,0.547,3.89,0.1406
94,0.547,3.882,0.1409
95,0.547,3.874,0.1412
96,0.546,3.866,0.1412
97,0.546,3.864,0.1413
98,0.545,3.858,0.1413
99,0.545,3.849,0.1416
100,0.544,3.843,0.1416
101,0.544,3.827,0.1421
102,0.543,3.824,0.142
103,0.543,3.822,0.1421
104,0.542,3.816,0.142
105,0.542,3.808,0.1423
106,0.542,3.793,0.1429
107,0.541,3.788,0.1428
108,0.541,3.777,0.1432
109,0.541,3.775,0.1433
110,0.54,3.772,0.1432
111,0.54,3.762,0.1435
112,0.54,3.751,0.144
113,0.539,3.747,0.1438
114,0.538,3.729,0.1443
115,0.538,3.727,0.1444
116,0.538,3.721,0.1446
117,0.537,3.719,0.1444
118,0.537,3.714,0.1446
119,0.537,3.699,0.1452
120,0.536,3.695,0.1451
121,0.536,3.691,0.1452
122,0.535,3.686,0.1451
123,0.535,3.681,0.1453
124,0.535,3.674,0.1456
125,0.534,3.67,0.1455
126,0.534,3.668,0.1456
127,0.534,3.659,0.1459
128,0.534,3.655,0.1461
129,0.533,3.652,0.1459
130,0.533,3.649,0.1461
131,0.533,3.643,0.1463
132,0.532,3.64,0.1462
133,0.532,3.64,0.1462
134,0.531,3.637,0.146
135,0.53,3.634,0.1458
136,0.53,3.628,0.1461
137,0.53,3.626,0.1462
138,0.529,3.618,0.1462
139,0.529,3.613,0.1464
140,0.528,3.609,0.1463
141,0.528,3.603,0.1465
142,0.527,3.598,0.1465
143,0.527,3.596,0.1466
144,0.526,3.594,0.1464
145,0.526,3.587,0.1466
146,0.525,3.584,0.1465
147,0.525,3.578,0.1467
148,0.524,3.572,0.1467
149,0.524,3.568,0.1469
150,0.524,3.563,0.1471
151,0.523,3.563,0.1468
152,0.523,3.559,0.147
153,0.523,3.559,0.147
154,0.522,3.555,0.1468
155,0.522,3.551,0.147
156,0.522,3.547,0.1472
157,0.521,3.546,0.1469
158,0.521,3.543,0.1471
159,0.52,3.54,0.1469
160,0.52,3.532,0.1472
161,0.52,3.525,0.1475
162,0.519,3.522,0.1474
163,0.519,3.519,0.1475
164,0.519,3.517,0.1476
165,0.519,3.516,0.1476
166,0.518,3.514,0.1474
167,0.518,3.51,0.1476
168,0.517,3.507,0.1474
169,0.517,3.501,0.1477
170,0.517,3.493,0.148
171,0.516,3.489,0.1479
172,0.516,3.486,0.148
173,0.516,3.485,0.1481
174,0.515,3.482,0.1479
175,0.515,3.477,0.1481
176,0.514,3.473,0.148
177,0.514,3.471,0.1481
178,0.513,3.463,0.1481
179,0.513,3.458,0.1484
180,0.512,3.456,0.1481
181,0.512,3.455,0.1482
182,0.511,3.452,0.148
183,0.511,3.451,0.1481
184,0.511,3.45,0.1481
185,0.511,3.447,0.1482
186,0.51,3.446,0.148
187,0.51,3.442,0.1482
188,0.509,3.438,0.1481
189,0.508,3.433,0.148
190,0.508,3.431,0.1481
191,0.507,3.422,0.1482
192,0.506,3.42,0.148
193,0.506,3.417,0.1481
194,0.505,3.414,0.1479
195,0.505,3.412,0.148
196,0.504,3.41,0.1478
197,0.504,3.406,0.148
198,0.504,3.404,0.1481
199,0.503,3.4,0.1479
200,0.503,3.393,0.1482
