no.,acc,apl,small_worldness
0,0.593,6.96,0.0852
1,0.593,6.843,0.0867
2,0.592,6.812,0.0869
3,0.591,6.457,0.0915
4,0.591,6.453,0.0916
5,0.591,6.233,0.0948
6,0.59,6.187,0.0954
7,0.59,6.029,0.0979
8,0.589,5.75,0.1024
9,0.589,5.74,0.1026
10,0.588,5.604,0.1049
11,0.587,5.535,0.1061
12,0.587,5.523,0.1063
13,0.586,5.421,0.1081
14,0.586,5.416,0.1082
15,0.585,5.364,0.1091
16,0.584,5.264,0.1109
17,0.584,5.239,0.1115
18,0.583,5.186,0.1124
19,0.582,5.089,0.1144
20,0.581,5.052,0.115
21,0.581,4.945,0.1175
22,0.58,4.868,0.1191
23,0.58,4.847,0.1197
24,0.58,4.789,0.1211
25,0.579,4.775,0.1213
26,0.578,4.743,0.1219
27,0.578,4.73,0.1222
28,0.578,4.722,0.1224
29,0.577,4.715,0.1224
30,0.577,4.673,0.1235
31,0.576,4.655,0.1237
32,0.576,4.64,0.1241
33,0.575,4.597,0.1251
34,0.575,4.584,0.1254
35,0.573,4.566,0.1255
36,0.573,4.522,0.1267
37,0.573,4.502,0.1273
38,0.572,4.481,0.1277
39,0.572,4.437,0.1289
40,0.571,4.408,0.1295
41,0.57,4.4,0.1295
42,0.57,4.381,0.1301
43,0.57,4.366,0.1306
44,0.569,4.353,0.1307
45,0.569,4.318,0.1318
46,0.568,4.312,0.1317
47,0.568,4.298,0.1322
48,0.568,4.282,0.1326
49,0.567,4.274,0.1327
50,0.567,4.261,0.1331
51,0.566,4.259,0.1329
52,0.566,4.242,0.1334
53,0.565,4.234,0.1334
54,0.565,4.217,0.134
55,0.564,4.198,0.1343
56,0.564,4.19,0.1346
57,0.563,4.183,0.1346
58,0.563,4.175,0.1349
59,0.563,4.174,0.1349
60,0.562,4.166,0.1349
61,0.561,4.155,0.135
62,0.561,4.15,0.1352
63,0.56,4.147,0.135
64,0.56,4.129,0.1356
65,0.559,4.114,0.1359
66,0.559,4.107,0.1361
67,0.558,4.095,0.1363
68,0.557,4.087,0.1363
69,0.556,4.082,0.1362
70,0.556,4.073,0.1365
71,0.556,4.069,0.1366
72,0.555,4.064,0.1366
73,0.554,4.061,0.1364
74,0.554,4.042,0.1371
75,0.553,4.029,0.1373
76,0.553,4.015,0.1377
77,0.553,4.015,0.1377
78,0.552,4.005,0.1378
79,0.551,3.992,0.138
80,0.551,3.989,0.1381
81,0.551,3.973,0.1387
82,0.55,3.966,0.1387
83,0.549,3.964,0.1385
84,0.549,3.95,0.139
85,0.548,3.936,0.1392
86,0.548,3.93,0.1394
87,0.547,3.926,0.1393
88,0.547,3.914,0.1398
89,0.547,3.899,0.1403
90,0.546,3.896,0.1401
91,0.546,3.891,0.1403
92,0.545,3.881,0.1404
93,0.545,3.879,0.1405
94,0.545,3.868,0.1409
95,0.544,3.863,0.1408
96,0.543,3.859,0.1407
97,0.543,3.85,0.141
98,0.542,3.843,0.141
99,0.542,3.835,0.1413
100,0.542,3.828,0.1416
101,0.541,3.822,0.1415
102,0.541,3.814,0.1418
103,0.54,3.808,0.1418
104,0.541,3.808,0.1421
105,0.54,3.803,0.142
106,0.54,3.791,0.1424
107,0.539,3.785,0.1424
108,0.539,3.774,0.1428
109,0.539,3.762,0.1433
110,0.538,3.757,0.1432
111,0.538,3.749,0.1435
112,0.537,3.742,0.1435
113,0.537,3.739,0.1436
114,0.537,3.736,0.1437
115,0.536,3.725,0.1439
116,0.536,3.721,0.144
117,0.535,3.718,0.1439
118,0.534,3.708,0.144
119,0.534,3.703,0.1442
120,0.534,3.702,0.1442
121,0.533,3.696,0.1442
122,0.532,3.691,0.1441
123,0.532,3.687,0.1443
124,0.532,3.685,0.1444
125,0.531,3.677,0.1444
126,0.531,3.672,0.1446
127,0.53,3.669,0.1445
128,0.53,3.666,0.1446
129,0.529,3.664,0.1444
130,0.529,3.653,0.1448
131,0.528,3.651,0.1446
132,0.528,3.646,0.1448
133,0.528,3.64,0.1451
134,0.527,3.633,0.1451
135,0.527,3.632,0.1451
136,0.527,3.63,0.1452
137,0.526,3.625,0.1451
138,0.526,3.624,0.1451
139,0.525,3.618,0.1451
140,0.525,3.616,0.1452
141,0.524,3.611,0.1451
142,0.524,3.608,0.1452
143,0.523,3.606,0.145
144,0.523,3.602,0.1452
145,0.522,3.602,0.1449
146,0.522,3.592,0.1453
147,0.522,3.585,0.1456
148,0.521,3.583,0.1454
149,0.521,3.582,0.1454
150,0.52,3.58,0.1453
151,0.52,3.577,0.1454
152,0.52,3.576,0.1454
153,0.519,3.57,0.1454
154,0.519,3.569,0.1454
155,0.519,3.561,0.1457
156,0.518,3.558,0.1456
157,0.518,3.557,0.1456
158,0.517,3.552,0.1456
159,0.517,3.55,0.1456
160,0.516,3.548,0.1454
161,0.515,3.543,0.1454
162,0.515,3.54,0.1455
163,0.515,3.534,0.1457
164,0.514,3.53,0.1456
165,0.514,3.528,0.1457
166,0.513,3.52,0.1457
167,0.513,3.516,0.1459
168,0.513,3.511,0.1461
169,0.512,3.507,0.146
170,0.512,3.504,0.1461
171,0.512,3.496,0.1465
172,0.511,3.492,0.1463
173,0.511,3.486,0.1466
174,0.511,3.483,0.1467
175,0.51,3.479,0.1466
176,0.509,3.477,0.1464
177,0.509,3.476,0.1464
178,0.509,3.473,0.1466
179,0.508,3.471,0.1464
180,0.508,3.469,0.1464
181,0.507,3.467,0.1462
182,0.507,3.464,0.1464
183,0.506,3.46,0.1462
184,0.506,3.453,0.1465
185,0.506,3.451,0.1466
186,0.505,3.448,0.1465
187,0.505,3.446,0.1465
188,0.505,3.444,0.1466
189,0.504,3.442,0.1464
190,0.504,3.438,0.1466
191,0.503,3.433,0.1465
192,0.503,3.428,0.1467
193,0.503,3.423,0.1469
194,0.502,3.417,0.1469
195,0.502,3.416,0.147
196,0.501,3.413,0.1468
197,0.501,3.408,0.147
198,0.501,3.407,0.1471
199,0.5,3.405,0.1468
200,0.5,3.404,0.1469
