no.,acc,apl,small_worldness
0,0.593,6.96,0.0852
1,0.593,6.478,0.0915
2,0.592,6.441,0.0919
3,0.591,6.419,0.0921
4,0.59,6.169,0.0956
5,0.59,6.031,0.0978
6,0.589,5.959,0.0988
7,0.589,5.724,0.1029
8,0.588,5.662,0.1039
9,0.587,5.597,0.1049
10,0.587,5.494,0.1068
11,0.587,5.483,0.1071
12,0.586,5.362,0.1093
13,0.585,5.328,0.1098
14,0.585,5.263,0.1112
15,0.585,5.241,0.1116
16,0.584,5.23,0.1117
17,0.584,5.199,0.1123
18,0.583,5.176,0.1126
19,0.583,5.145,0.1133
20,0.582,5.134,0.1134
21,0.581,5.09,0.1141
22,0.581,5.018,0.1158
23,0.581,4.947,0.1174
24,0.58,4.927,0.1177
25,0.58,4.909,0.1182
26,0.579,4.84,0.1196
27,0.579,4.828,0.1199
28,0.578,4.785,0.1208
29,0.578,4.773,0.1211
30,0.577,4.76,0.1212
31,0.577,4.709,0.1225
32,0.577,4.67,0.1236
33,0.576,4.647,0.124
34,0.576,4.588,0.1255
35,0.575,4.563,0.126
36,0.575,4.496,0.1279
37,0.574,4.479,0.1282
38,0.574,4.464,0.1286
39,0.573,4.452,0.1287
40,0.573,4.449,0.1288
41,0.572,4.446,0.1287
42,0.572,4.425,0.1293
43,0.571,4.419,0.1292
44,0.571,4.388,0.1301
45,0.571,4.366,0.1308
46,0.57,4.345,0.1312
47,0.57,4.337,0.1314
48,0.57,4.299,0.1326
49,0.569,4.267,0.1333
50,0.568,4.265,0.1332
51,0.568,4.26,0.1333
52,0.567,4.257,0.1332
53,0.566,4.248,0.1332
54,0.566,4.239,0.1335
55,0.565,4.231,0.1335
56,0.565,4.201,0.1345
57,0.564,4.19,0.1346
58,0.564,4.181,0.1349
59,0.564,4.18,0.1349
60,0.563,4.172,0.1349
61,0.563,4.162,0.1353
62,0.562,4.143,0.1357
63,0.562,4.14,0.1357
64,0.561,4.135,0.1357
65,0.56,4.126,0.1357
66,0.56,4.123,0.1358
67,0.559,4.12,0.1357
68,0.559,4.101,0.1363
69,0.559,4.091,0.1366
70,0.558,4.086,0.1366
71,0.557,4.08,0.1365
72,0.556,4.073,0.1365
73,0.556,4.065,0.1368
74,0.555,4.06,0.1367
75,0.555,4.051,0.137
76,0.554,4.044,0.137
77,0.554,4.039,0.1372
78,0.554,4.031,0.1374
79,0.553,4.019,0.1376
80,0.553,4.004,0.1381
81,0.553,4.003,0.1381
82,0.552,3.997,0.1381
83,0.552,3.988,0.1384
84,0.551,3.976,0.1386
85,0.551,3.971,0.1388
86,0.55,3.959,0.1389
87,0.55,3.954,0.1391
88,0.55,3.944,0.1395
89,0.549,3.936,0.1395
90,0.548,3.927,0.1395
91,0.548,3.911,0.1401
92,0.548,3.907,0.1403
93,0.547,3.898,0.1403
94,0.546,3.887,0.1405
95,0.546,3.883,0.1406
96,0.546,3.882,0.1406
97,0.545,3.878,0.1405
98,0.544,3.858,0.141
99,0.544,3.844,0.1415
100,0.543,3.835,0.1416
101,0.543,3.825,0.142
102,0.543,3.822,0.1421
103,0.542,3.817,0.142
104,0.542,3.806,0.1424
105,0.541,3.801,0.1423
106,0.541,3.792,0.1427
107,0.54,3.786,0.1426
108,0.54,3.776,0.143
109,0.539,3.771,0.1429
110,0.539,3.762,0.1433
111,0.539,3.761,0.1433
112,0.538,3.757,0.1432
113,0.537,3.753,0.1431
114,0.537,3.75,0.1432
115,0.536,3.744,0.1432
116,0.536,3.742,0.1432
117,0.536,3.738,0.1434
118,0.535,3.732,0.1434
119,0.535,3.727,0.1435
120,0.535,3.724,0.1437
121,0.534,3.718,0.1436
122,0.534,3.712,0.1439
123,0.534,3.71,0.1439
124,0.533,3.705,0.1439
125,0.533,3.697,0.1442
126,0.532,3.692,0.1441
127,0.531,3.689,0.1439
128,0.531,3.685,0.1441
129,0.531,3.678,0.1444
130,0.53,3.672,0.1443
131,0.53,3.662,0.1447
132,0.529,3.657,0.1447
133,0.529,3.649,0.145
134,0.528,3.644,0.1449
135,0.528,3.641,0.145
136,0.527,3.628,0.1453
137,0.527,3.626,0.1453
138,0.526,3.623,0.1452
139,0.526,3.621,0.1453
140,0.525,3.615,0.1452
141,0.525,3.611,0.1454
142,0.524,3.609,0.1452
143,0.524,3.606,0.1453
144,0.523,3.604,0.1451
145,0.523,3.603,0.1452
146,0.522,3.601,0.145
147,0.522,3.598,0.1451
148,0.522,3.592,0.1453
149,0.521,3.589,0.1452
150,0.52,3.585,0.145
151,0.52,3.579,0.1453
152,0.519,3.576,0.1451
153,0.519,3.57,0.1454
154,0.519,3.567,0.1455
155,0.518,3.564,0.1453
156,0.518,3.559,0.1455
157,0.517,3.555,0.1454
158,0.517,3.55,0.1456
159,0.516,3.548,0.1454
160,0.516,3.54,0.1458
161,0.515,3.537,0.1456
162,0.515,3.532,0.1458
163,0.515,3.526,0.1461
164,0.515,3.52,0.1463
165,0.514,3.52,0.146
166,0.514,3.514,0.1463
167,0.513,3.508,0.1462
168,0.513,3.503,0.1464
169,0.512,3.502,0.1462
170,0.512,3.499,0.1463
171,0.512,3.497,0.1464
172,0.511,3.491,0.1464
173,0.511,3.486,0.1466
174,0.51,3.477,0.1467
175,0.51,3.473,0.1468
176,0.509,3.47,0.1467
177,0.509,3.468,0.1468
178,0.509,3.463,0.147
179,0.508,3.462,0.1467
180,0.508,3.461,0.1468
181,0.507,3.459,0.1466
182,0.507,3.456,0.1467
183,0.506,3.454,0.1465
184,0.506,3.452,0.1466
185,0.505,3.45,0.1464
186,0.505,3.446,0.1465
187,0.504,3.442,0.1464
188,0.504,3.44,0.1465
189,0.503,3.436,0.1464
190,0.503,3.433,0.1465
191,0.502,3.43,0.1464
192,0.501,3.429,0.1461
193,0.501,3.426,0.1462
194,0.501,3.424,0.1463
195,0.5,3.424,0.146
196,0.5,3.42,0.1462
197,0.5,3.415,0.1464
198,0.499,3.411,0.1463
199,0.499,3.408,0.1464
200,0.499,3.402,0.1467
