no.,acc,apl,small_worldness
0,0.593,6.96,0.0852
1,0.592,6.819,0.0868
2,0.591,6.546,0.0903
3,0.59,6.433,0.0917
4,0.59,6.359,0.0928
5,0.59,5.891,0.1002
6,0.589,5.808,0.1014
7,0.589,5.665,0.104
8,0.589,5.648,0.1043
9,0.588,5.485,0.1072
10,0.588,5.446,0.108
11,0.587,5.271,0.1114
12,0.587,5.268,0.1114
13,0.587,5.219,0.1125
14,0.587,5.111,0.1149
15,0.586,5.068,0.1156
16,0.586,5.051,0.116
17,0.586,4.925,0.119
18,0.586,4.907,0.1194
19,0.586,4.879,0.1201
20,0.586,4.865,0.1205
21,0.585,4.717,0.124
22,0.585,4.682,0.1249
23,0.585,4.672,0.1252
24,0.585,4.611,0.1269
25,0.585,4.576,0.1278
26,0.584,4.536,0.1287
27,0.584,4.473,0.1306
28,0.584,4.448,0.1313
29,0.584,4.381,0.1333
30,0.584,4.369,0.1337
31,0.584,4.369,0.1337
32,0.584,4.369,0.1337
33,0.583,4.365,0.1336
34,0.584,4.361,0.1339
35,0.583,4.335,0.1345
36,0.583,4.29,0.1359
37,0.582,4.239,0.1373
38,0.582,4.223,0.1378
39,0.582,4.219,0.1379
40,0.582,4.151,0.1402
41,0.582,4.082,0.1426
42,0.581,4.078,0.1425
43,0.581,4.041,0.1438
44,0.581,4.016,0.1447
45,0.581,3.941,0.1474
46,0.581,3.918,0.1483
47,0.58,3.902,0.1486
48,0.58,3.897,0.1488
49,0.58,3.894,0.1489
50,0.58,3.894,0.1489
51,0.58,3.889,0.1491
52,0.58,3.882,0.1494
53,0.58,3.882,0.1494
54,0.58,3.857,0.1504
55,0.58,3.853,0.1505
56,0.58,3.844,0.1509
57,0.58,3.829,0.1515
58,0.58,3.829,0.1515
59,0.58,3.817,0.152
60,0.58,3.813,0.1521
61,0.58,3.808,0.1523
62,0.579,3.784,0.153
63,0.579,3.772,0.1535
64,0.579,3.764,0.1538
65,0.579,3.76,0.154
66,0.579,3.756,0.1542
67,0.579,3.752,0.1543
68,0.579,3.723,0.1555
69,0.578,3.697,0.1563
70,0.578,3.686,0.1568
71,0.578,3.686,0.1568
72,0.578,3.686,0.1568
73,0.578,3.682,0.157
74,0.578,3.647,0.1585
75,0.578,3.635,0.159
76,0.577,3.608,0.1599
77,0.577,3.6,0.1603
78,0.577,3.596,0.1605
79,0.577,3.592,0.1606
80,0.577,3.579,0.1612
81,0.577,3.559,0.1621
82,0.577,3.559,0.1621
83,0.577,3.55,0.1625
84,0.577,3.55,0.1625
85,0.577,3.546,0.1627
86,0.577,3.53,0.1635
87,0.577,3.517,0.1641
88,0.576,3.513,0.164
89,0.576,3.508,0.1642
90,0.576,3.508,0.1642
91,0.576,3.504,0.1644
92,0.576,3.5,0.1646
93,0.576,3.492,0.1649
94,0.576,3.492,0.1649
95,0.576,3.488,0.1651
96,0.576,3.463,0.1663
97,0.575,3.459,0.1662
98,0.575,3.455,0.1664
99,0.575,3.45,0.1667
100,0.576,3.446,0.1672
101,0.576,3.442,0.1673
102,0.575,3.437,0.1673
103,0.575,3.433,0.1675
104,0.575,3.429,0.1677
105,0.575,3.425,0.1679
106,0.575,3.421,0.1681
107,0.575,3.412,0.1685
108,0.575,3.408,0.1687
109,0.575,3.404,0.1689
110,0.575,3.4,0.1691
111,0.575,3.4,0.1691
112,0.575,3.4,0.1691
113,0.575,3.359,0.1712
114,0.575,3.355,0.1714
115,0.574,3.33,0.1724
116,0.574,3.33,0.1724
117,0.574,3.33,0.1724
118,0.574,3.322,0.1728
119,0.574,3.317,0.173
120,0.574,3.313,0.1733
121,0.574,3.309,0.1735
122,0.574,3.305,0.1737
123,0.574,3.3,0.1739
124,0.574,3.292,0.1744
125,0.574,3.292,0.1744
126,0.574,3.283,0.1748
127,0.574,3.279,0.1751
128,0.574,3.275,0.1753
129,0.574,3.27,0.1755
130,0.574,3.266,0.1758
131,0.574,3.262,0.176
132,0.574,3.257,0.1762
133,0.574,3.253,0.1765
134,0.574,3.249,0.1767
135,0.574,3.245,0.1769
136,0.574,3.24,0.1772
137,0.574,3.24,0.1772
138,0.574,3.236,0.1774
139,0.573,3.223,0.1778
140,0.574,3.218,0.1784
141,0.573,3.214,0.1783
142,0.573,3.206,0.1787
143,0.573,3.206,0.1787
144,0.574,3.202,0.1793
145,0.574,3.197,0.1795
146,0.574,3.193,0.1798
147,0.574,3.185,0.1802
148,0.574,3.181,0.1804
149,0.574,3.176,0.1807
150,0.574,3.164,0.1814
151,0.574,3.159,0.1817
152,0.574,3.155,0.1819
153,0.574,3.151,0.1822
154,0.574,3.147,0.1824
155,0.574,3.147,0.1824
156,0.574,3.142,0.1827
157,0.574,3.138,0.1829
158,0.574,3.138,0.1829
159,0.574,3.138,0.1829
160,0.574,3.134,0.1832
161,0.574,3.134,0.1832
162,0.574,3.129,0.1834
163,0.574,3.125,0.1837
164,0.574,3.116,0.1842
165,0.574,3.112,0.1844
166,0.574,3.108,0.1847
167,0.574,3.103,0.185
168,0.574,3.103,0.185
169,0.574,3.099,0.1852
170,0.574,3.099,0.1852
171,0.574,3.094,0.1855
172,0.574,3.094,0.1855
173,0.574,3.094,0.1855
174,0.574,3.094,0.1855
175,0.574,3.094,0.1855
176,0.574,3.09,0.1858
177,0.574,3.086,0.186
178,0.574,3.081,0.1863
179,0.574,3.077,0.1865
180,0.574,3.073,0.1868
181,0.574,3.069,0.187
182,0.574,3.069,0.187
183,0.574,3.064,0.1873
184,0.574,3.051,0.1881
185,0.574,3.051,0.1881
186,0.574,3.051,0.1881
187,0.574,3.051,0.1881
188,0.574,3.051,0.1881
189,0.574,3.047,0.1884
190,0.575,3.042,0.189
191,0.575,3.042,0.189
192,0.575,3.038,0.1893
193,0.575,3.033,0.1896
194,0.575,3.029,0.1898
195,0.575,3.025,0.1901
196,0.575,3.02,0.1904
197,0.575,3.016,0.1906
198,0.575,3.011,0.191
199,0.576,3.007,0.1916
200,0.576,3.003,0.1918
201,0.576,2.998,0.1921
202,0.576,2.994,0.1924
203,0.576,2.994,0.1924
204,0.577,2.989,0.193
205,0.577,2.989,0.193
206,0.577,2.985,0.1933
207,0.577,2.985,0.1933
208,0.577,2.981,0.1936
209,0.577,2.976,0.1939
210,0.577,2.976,0.1939
211,0.577,2.972,0.1941
212,0.577,2.968,0.1944
213,0.577,2.968,0.1944
214,0.577,2.968,0.1944
215,0.577,2.968,0.1944
216,0.577,2.968,0.1944
217,0.577,2.963,0.1947
218,0.577,2.963,0.1947
219,0.577,2.963,0.1947
220,0.577,2.963,0.1947
221,0.577,2.959,0.195
222,0.577,2.955,0.1953
223,0.577,2.95,0.1956
224,0.577,2.95,0.1956
225,0.577,2.945,0.1959
226,0.577,2.945,0.1959
227,0.577,2.941,0.1962
228,0.577,2.941,0.1962
229,0.578,2.936,0.1969
230,0.578,2.936,0.1969
231,0.578,2.932,0.1971
232,0.578,2.932,0.1971
233,0.578,2.928,0.1974
234,0.578,2.923,0.1977
235,0.578,2.923,0.1977
236,0.578,2.919,0.198
237,0.578,2.915,0.1983
238,0.579,2.91,0.199
239,0.579,2.91,0.199
240,0.579,2.91,0.199
241,0.579,2.906,0.1992
242,0.579,2.901,0.1996
243,0.579,2.901,0.1996
244,0.579,2.897,0.1999
245,0.579,2.897,0.1999
246,0.58,2.893,0.2005
247,0.58,2.893,0.2005
248,0.58,2.893,0.2005
249,0.58,2.893,0.2005
250,0.58,2.893,0.2005
251,0.58,2.888,0.2008
252,0.58,2.888,0.2008
253,0.58,2.884,0.2011
254,0.58,2.884,0.2011
255,0.58,2.88,0.2014
256,0.58,2.88,0.2014
257,0.58,2.88,0.2014
258,0.58,2.88,0.2014
259,0.581,2.876,0.202
260,0.581,2.876,0.202
261,0.581,2.876,0.202
262,0.581,2.871,0.2024
263,0.581,2.871,0.2024
264,0.581,2.871,0.2024
265,0.581,2.871,0.2024
266,0.581,2.866,0.2027
267,0.581,2.866,0.2027
268,0.581,2.866,0.2027
269,0.58,2.862,0.2027
270,0.581,2.858,0.2033
271,0.581,2.858,0.2033
272,0.581,2.853,0.2036
