no.,acc,apl,small_worldness
0,0.593,6.96,0.0852
1,0.592,6.791,0.0872
2,0.592,6.619,0.0894
3,0.592,6.384,0.0927
4,0.591,6.263,0.0944
5,0.591,6.251,0.0945
6,0.59,6.098,0.0968
7,0.59,5.999,0.0983
8,0.589,5.949,0.099
9,0.589,5.907,0.0997
10,0.588,5.765,0.102
11,0.588,5.648,0.1041
12,0.588,5.604,0.1049
13,0.587,5.59,0.105
14,0.587,5.538,0.106
15,0.586,5.404,0.1084
16,0.586,5.333,0.1099
17,0.585,5.33,0.1098
18,0.585,5.289,0.1106
19,0.584,5.25,0.1112
20,0.584,5.207,0.1122
21,0.583,5.189,0.1124
22,0.583,5.176,0.1126
23,0.582,5.163,0.1127
24,0.582,5.14,0.1132
25,0.581,5.124,0.1134
26,0.581,5.102,0.1139
27,0.58,5.084,0.1141
28,0.58,5.052,0.1148
29,0.579,5.025,0.1152
30,0.579,5.004,0.1157
31,0.578,4.979,0.1161
32,0.578,4.959,0.1166
33,0.577,4.951,0.1165
34,0.577,4.945,0.1167
35,0.576,4.942,0.1166
36,0.576,4.926,0.1169
37,0.575,4.908,0.1172
38,0.575,4.904,0.1173
39,0.574,4.892,0.1173
40,0.574,4.816,0.1192
41,0.573,4.811,0.1191
42,0.573,4.801,0.1194
43,0.572,4.776,0.1198
44,0.572,4.737,0.1208
45,0.571,4.731,0.1207
46,0.571,4.662,0.1225
47,0.571,4.659,0.1226
48,0.57,4.625,0.1232
49,0.57,4.613,0.1236
50,0.569,4.609,0.1235
51,0.569,4.606,0.1235
52,0.568,4.605,0.1233
53,0.568,4.6,0.1235
54,0.567,4.579,0.1238
55,0.567,4.575,0.1239
56,0.566,4.546,0.1245
57,0.565,4.53,0.1247
58,0.565,4.507,0.1254
59,0.564,4.493,0.1255
60,0.564,4.481,0.1259
61,0.563,4.468,0.126
62,0.562,4.463,0.1259
63,0.562,4.437,0.1267
64,0.561,4.432,0.1266
65,0.561,4.382,0.128
66,0.561,4.369,0.1284
67,0.56,4.364,0.1283
68,0.559,4.353,0.1284
69,0.559,4.298,0.1301
70,0.558,4.287,0.1302
71,0.558,4.281,0.1303
72,0.558,4.277,0.1305
73,0.557,4.268,0.1305
74,0.557,4.257,0.1308
75,0.557,4.238,0.1314
76,0.556,4.226,0.1316
77,0.556,4.197,0.1325
78,0.555,4.195,0.1323
79,0.554,4.191,0.1322
80,0.554,4.187,0.1323
81,0.554,4.183,0.1324
82,0.553,4.179,0.1323
83,0.553,4.176,0.1324
84,0.552,4.172,0.1323
85,0.552,4.151,0.133
86,0.552,4.141,0.1333
87,0.551,4.131,0.1334
88,0.551,4.113,0.134
89,0.551,4.107,0.1342
90,0.55,4.105,0.134
91,0.549,4.098,0.134
92,0.549,4.088,0.1343
93,0.548,4.086,0.1341
94,0.548,4.08,0.1343
95,0.548,4.078,0.1344
96,0.547,4.07,0.1344
97,0.547,4.05,0.1351
98,0.546,4.042,0.1351
99,0.546,4.036,0.1353
100,0.545,4.021,0.1355
101,0.545,4.006,0.136
102,0.544,3.996,0.1361
103,0.544,3.987,0.1364
104,0.543,3.984,0.1363
105,0.543,3.981,0.1364
106,0.543,3.979,0.1365
107,0.542,3.976,0.1363
108,0.542,3.975,0.1364
109,0.541,3.973,0.1362
110,0.541,3.972,0.1362
111,0.54,3.966,0.1362
112,0.54,3.959,0.1364
113,0.54,3.955,0.1365
114,0.539,3.952,0.1364
115,0.539,3.949,0.1365
116,0.538,3.942,0.1365
117,0.538,3.928,0.137
118,0.538,3.922,0.1372
119,0.537,3.92,0.137
120,0.537,3.917,0.1371
121,0.536,3.906,0.1372
122,0.536,3.905,0.1373
123,0.536,3.903,0.1373
124,0.535,3.903,0.1371
125,0.535,3.9,0.1372
126,0.535,3.898,0.1372
127,0.534,3.894,0.1371
128,0.534,3.892,0.1372
129,0.533,3.889,0.1371
130,0.533,3.882,0.1373
131,0.533,3.873,0.1376
132,0.532,3.872,0.1374
133,0.532,3.868,0.1375
134,0.532,3.864,0.1377
135,0.531,3.854,0.1378
136,0.531,3.852,0.1379
137,0.531,3.848,0.138
138,0.53,3.846,0.1378
139,0.53,3.845,0.1378
140,0.529,3.843,0.1377
141,0.529,3.842,0.1377
142,0.529,3.835,0.1379
143,0.529,3.833,0.138
144,0.528,3.826,0.138
145,0.527,3.824,0.1378
146,0.527,3.823,0.1378
147,0.526,3.821,0.1377
148,0.526,3.818,0.1378
149,0.525,3.813,0.1377
150,0.525,3.81,0.1378
151,0.525,3.81,0.1378
152,0.525,3.807,0.1379
153,0.524,3.802,0.1378
154,0.524,3.799,0.1379
155,0.524,3.798,0.138
156,0.523,3.79,0.138
157,0.523,3.787,0.1381
158,0.523,3.787,0.1381
159,0.522,3.784,0.1379
160,0.522,3.783,0.138
161,0.522,3.776,0.1382
162,0.522,3.768,0.1385
163,0.521,3.767,0.1383
164,0.521,3.764,0.1384
165,0.521,3.759,0.1386
166,0.52,3.756,0.1384
167,0.52,3.754,0.1385
168,0.519,3.752,0.1383
169,0.518,3.748,0.1382
170,0.518,3.745,0.1383
171,0.517,3.739,0.1383
172,0.517,3.735,0.1384
173,0.516,3.734,0.1382
174,0.516,3.726,0.1385
175,0.516,3.726,0.1385
176,0.515,3.724,0.1383
177,0.515,3.724,0.1383
178,0.514,3.712,0.1385
179,0.514,3.709,0.1386
180,0.514,3.706,0.1387
181,0.513,3.701,0.1386
182,0.513,3.699,0.1387
183,0.512,3.688,0.1388
184,0.512,3.688,0.1388
185,0.512,3.683,0.139
186,0.511,3.675,0.139
187,0.511,3.673,0.1391
188,0.511,3.672,0.1392
189,0.51,3.667,0.1391
190,0.51,3.661,0.1393
191,0.51,3.658,0.1394
192,0.509,3.657,0.1392
193,0.509,3.656,0.1392
194,0.509,3.654,0.1393
195,0.508,3.652,0.1391
196,0.508,3.649,0.1392
197,0.507,3.646,0.1391
198,0.507,3.641,0.1392
199,0.506,3.639,0.139
200,0.506,3.637,0.1391
201,0.506,3.633,0.1393
