no.,acc,apl,small_worldness
0,0.593,6.96,0.0852
1,0.593,6.872,0.0863
2,0.592,6.625,0.0894
3,0.592,6.481,0.0913
4,0.591,6.308,0.0937
5,0.59,6.201,0.0951
6,0.59,6.135,0.0962
7,0.589,6.023,0.0978
8,0.589,5.842,0.1008
9,0.588,5.777,0.1018
10,0.588,5.697,0.1032
11,0.587,5.659,0.1037
12,0.587,5.639,0.1041
13,0.587,5.629,0.1043
14,0.586,5.57,0.1052
15,0.585,5.555,0.1053
16,0.585,5.549,0.1054
17,0.584,5.467,0.1068
18,0.584,5.425,0.1076
19,0.583,5.411,0.1077
20,0.583,5.331,0.1094
21,0.582,5.286,0.1101
22,0.582,5.268,0.1105
23,0.581,5.21,0.1115
24,0.581,5.179,0.1122
25,0.581,5.134,0.1132
26,0.58,5.12,0.1133
27,0.579,5.115,0.1132
28,0.579,5.101,0.1135
29,0.578,5.023,0.1151
30,0.578,5.017,0.1152
31,0.578,5.004,0.1155
32,0.577,4.986,0.1157
33,0.577,4.927,0.1171
34,0.576,4.905,0.1174
35,0.576,4.897,0.1176
36,0.575,4.89,0.1176
37,0.574,4.884,0.1175
38,0.574,4.842,0.1185
39,0.573,4.825,0.1188
40,0.573,4.788,0.1197
41,0.572,4.742,0.1206
42,0.572,4.724,0.1211
43,0.572,4.679,0.1222
44,0.571,4.66,0.1225
45,0.571,4.65,0.1228
46,0.571,4.621,0.1236
47,0.57,4.603,0.1238
48,0.57,4.59,0.1242
49,0.57,4.573,0.1246
50,0.569,4.563,0.1247
51,0.569,4.541,0.1253
52,0.569,4.513,0.1261
53,0.568,4.508,0.126
54,0.568,4.497,0.1263
55,0.567,4.455,0.1273
56,0.567,4.446,0.1275
57,0.566,4.435,0.1276
58,0.566,4.434,0.1276
59,0.565,4.424,0.1277
60,0.565,4.394,0.1286
61,0.564,4.385,0.1286
62,0.564,4.382,0.1287
63,0.564,4.378,0.1288
64,0.563,4.344,0.1296
65,0.563,4.339,0.1298
66,0.563,4.313,0.1305
67,0.562,4.296,0.1308
68,0.562,4.285,0.1312
69,0.561,4.282,0.131
70,0.56,4.256,0.1316
71,0.56,4.25,0.1318
72,0.559,4.247,0.1316
73,0.559,4.243,0.1317
74,0.558,4.235,0.1318
75,0.558,4.231,0.1319
76,0.557,4.227,0.1318
77,0.557,4.221,0.132
78,0.557,4.213,0.1322
79,0.556,4.209,0.1321
80,0.556,4.196,0.1325
81,0.555,4.192,0.1324
82,0.554,4.19,0.1322
83,0.554,4.179,0.1326
84,0.553,4.176,0.1324
85,0.553,4.165,0.1328
86,0.552,4.157,0.1328
87,0.552,4.15,0.133
88,0.552,4.144,0.1332
89,0.551,4.132,0.1333
90,0.551,4.127,0.1335
91,0.55,4.123,0.1334
92,0.55,4.118,0.1336
93,0.55,4.103,0.134
94,0.549,4.091,0.1342
95,0.549,4.08,0.1346
96,0.549,4.074,0.1348
97,0.548,4.068,0.1347
98,0.548,4.057,0.1351
99,0.547,4.055,0.1349
100,0.547,4.043,0.1353
101,0.546,4.037,0.1352
102,0.546,4.029,0.1355
103,0.545,4.027,0.1353
104,0.545,4.014,0.1358
105,0.544,4.008,0.1357
106,0.544,3.997,0.1361
107,0.543,3.991,0.1361
108,0.543,3.989,0.1361
109,0.543,3.986,0.1362
110,0.542,3.983,0.1361
111,0.542,3.979,0.1362
112,0.541,3.977,0.136
113,0.541,3.971,0.1362
114,0.54,3.965,0.1362
115,0.54,3.96,0.1364
116,0.54,3.953,0.1366
117,0.539,3.951,0.1364
118,0.539,3.948,0.1365
119,0.538,3.946,0.1363
120,0.537,3.945,0.1361
121,0.537,3.941,0.1363
122,0.536,3.936,0.1362
123,0.536,3.931,0.1364
124,0.536,3.925,0.1366
125,0.535,3.916,0.1366
126,0.535,3.915,0.1367
127,0.535,3.91,0.1368
128,0.534,3.895,0.1371
129,0.533,3.89,0.137
130,0.532,3.887,0.1369
131,0.532,3.88,0.1371
132,0.532,3.876,0.1373
133,0.531,3.872,0.1371
134,0.53,3.866,0.1371
135,0.53,3.863,0.1372
136,0.529,3.862,0.137
137,0.529,3.851,0.1374
138,0.529,3.843,0.1377
139,0.528,3.842,0.1374
140,0.528,3.836,0.1376
141,0.527,3.833,0.1375
142,0.527,3.832,0.1375
143,0.526,3.828,0.1374
144,0.526,3.826,0.1375
145,0.525,3.823,0.1373
146,0.525,3.821,0.1374
147,0.524,3.82,0.1372
148,0.523,3.816,0.1371
149,0.523,3.801,0.1376
150,0.523,3.8,0.1376
151,0.523,3.796,0.1378
152,0.522,3.794,0.1376
153,0.521,3.786,0.1376
154,0.521,3.782,0.1378
155,0.521,3.781,0.1378
156,0.521,3.775,0.138
157,0.52,3.771,0.1379
158,0.52,3.77,0.1379
159,0.519,3.767,0.1378
160,0.519,3.764,0.1379
161,0.518,3.758,0.1378
162,0.518,3.757,0.1379
163,0.517,3.753,0.1378
164,0.517,3.746,0.138
165,0.516,3.741,0.1379
166,0.516,3.735,0.1382
167,0.515,3.733,0.138
168,0.515,3.728,0.1381
169,0.514,3.721,0.1381
170,0.514,3.716,0.1383
171,0.513,3.712,0.1382
172,0.513,3.707,0.1384
173,0.513,3.707,0.1384
174,0.512,3.702,0.1383
175,0.512,3.694,0.1386
176,0.512,3.691,0.1387
177,0.511,3.689,0.1385
178,0.51,3.688,0.1383
179,0.51,3.686,0.1384
180,0.51,3.683,0.1385
181,0.509,3.682,0.1382
182,0.508,3.678,0.1381
183,0.508,3.673,0.1383
184,0.507,3.67,0.1381
185,0.507,3.669,0.1382
186,0.507,3.667,0.1383
187,0.506,3.664,0.1381
188,0.506,3.662,0.1382
189,0.506,3.654,0.1385
190,0.505,3.652,0.1383
191,0.505,3.651,0.1383
192,0.505,3.646,0.1385
193,0.504,3.643,0.1383
194,0.504,3.642,0.1384
195,0.503,3.636,0.1383
196,0.503,3.634,0.1384
197,0.502,3.633,0.1382
198,0.502,3.632,0.1382
199,0.502,3.629,0.1383
200,0.501,3.626,0.1382
