no.,acc,apl,small_worldness
0,0.593,6.96,0.0852
1,0.592,6.871,0.0862
2,0.592,6.803,0.087
3,0.592,6.408,0.0924
4,0.591,6.268,0.0943
5,0.591,6.166,0.0958
6,0.59,6.125,0.0963
7,0.59,6.078,0.0971
8,0.589,5.925,0.0994
9,0.589,5.849,0.1007
10,0.588,5.734,0.1025
11,0.588,5.727,0.1027
12,0.588,5.597,0.1051
13,0.587,5.565,0.1055
14,0.586,5.534,0.1059
15,0.586,5.503,0.1065
16,0.585,5.475,0.1068
17,0.585,5.445,0.1074
18,0.584,5.419,0.1078
19,0.583,5.377,0.1084
20,0.583,5.365,0.1087
21,0.582,5.35,0.1088
22,0.582,5.331,0.1092
23,0.582,5.267,0.1105
24,0.581,5.235,0.111
25,0.581,5.226,0.1112
26,0.58,5.071,0.1144
27,0.58,5.067,0.1145
28,0.579,5.061,0.1144
29,0.579,5.045,0.1148
30,0.578,4.996,0.1157
31,0.578,4.982,0.116
32,0.577,4.952,0.1165
33,0.577,4.943,0.1167
34,0.576,4.941,0.1166
35,0.576,4.901,0.1175
36,0.575,4.839,0.1188
37,0.575,4.81,0.1195
38,0.575,4.766,0.1206
39,0.574,4.742,0.121
40,0.574,4.726,0.1215
41,0.573,4.695,0.122
42,0.573,4.664,0.1229
43,0.572,4.654,0.1229
44,0.572,4.642,0.1232
45,0.571,4.614,0.1238
46,0.571,4.602,0.1241
47,0.57,4.582,0.1244
48,0.57,4.569,0.1248
49,0.569,4.561,0.1248
50,0.569,4.549,0.1251
51,0.568,4.544,0.125
52,0.568,4.532,0.1253
53,0.568,4.528,0.1254
54,0.567,4.521,0.1254
55,0.566,4.498,0.1258
56,0.566,4.486,0.1262
57,0.565,4.468,0.1265
58,0.565,4.455,0.1268
59,0.564,4.408,0.1279
60,0.563,4.406,0.1278
61,0.563,4.4,0.128
62,0.563,4.389,0.1283
63,0.562,4.379,0.1283
64,0.562,4.368,0.1287
65,0.561,4.344,0.1291
66,0.561,4.329,0.1296
67,0.561,4.312,0.1301
68,0.56,4.297,0.1303
69,0.56,4.288,0.1306
70,0.559,4.282,0.1305
71,0.559,4.273,0.1308
72,0.558,4.268,0.1307
73,0.557,4.263,0.1307
74,0.557,4.257,0.1308
75,0.556,4.254,0.1307
76,0.556,4.244,0.131
77,0.556,4.236,0.1313
78,0.555,4.228,0.1313
79,0.555,4.216,0.1316
80,0.554,4.206,0.1317
81,0.554,4.195,0.1321
82,0.553,4.189,0.132
83,0.553,4.184,0.1322
84,0.552,4.179,0.1321
85,0.552,4.173,0.1323
86,0.552,4.171,0.1323
87,0.551,4.169,0.1322
88,0.55,4.167,0.132
89,0.55,4.163,0.1321
90,0.55,4.148,0.1326
91,0.549,4.127,0.133
92,0.549,4.114,0.1334
93,0.549,4.087,0.1343
94,0.548,4.067,0.1347
95,0.548,4.06,0.135
96,0.547,4.056,0.1349
97,0.547,4.046,0.1352
98,0.547,4.043,0.1353
99,0.546,4.042,0.1351
100,0.546,4.04,0.1351
101,0.545,4.028,0.1353
102,0.545,4.026,0.1354
103,0.544,4.02,0.1353
104,0.544,4.018,0.1354
105,0.543,4.011,0.1354
106,0.542,4.004,0.1354
107,0.542,4.0,0.1355
108,0.542,3.995,0.1357
109,0.541,3.992,0.1355
110,0.541,3.99,0.1356
111,0.54,3.985,0.1355
112,0.54,3.983,0.1356
113,0.54,3.978,0.1357
114,0.539,3.971,0.1357
115,0.539,3.968,0.1358
116,0.538,3.965,0.1357
117,0.538,3.957,0.136
118,0.537,3.949,0.136
119,0.537,3.947,0.1361
120,0.536,3.935,0.1362
121,0.536,3.918,0.1368
122,0.536,3.914,0.1369
123,0.535,3.91,0.1368
124,0.535,3.907,0.1369
125,0.534,3.899,0.137
126,0.534,3.896,0.1371
127,0.533,3.887,0.1371
128,0.533,3.886,0.1372
129,0.533,3.884,0.1372
130,0.532,3.879,0.1371
131,0.532,3.874,0.1373
132,0.532,3.871,0.1374
133,0.531,3.867,0.1373
134,0.531,3.863,0.1375
135,0.53,3.862,0.1372
136,0.53,3.86,0.1373
137,0.529,3.849,0.1374
138,0.529,3.837,0.1379
139,0.528,3.832,0.1378
140,0.528,3.83,0.1379
141,0.527,3.822,0.1379
142,0.527,3.818,0.138
143,0.526,3.813,0.1379
144,0.526,3.806,0.1382
145,0.525,3.802,0.1381
146,0.525,3.8,0.1382
147,0.524,3.799,0.1379
148,0.524,3.796,0.138
149,0.523,3.794,0.1378
150,0.523,3.792,0.1379
151,0.523,3.791,0.138
152,0.522,3.791,0.1377
153,0.522,3.782,0.138
154,0.521,3.774,0.138
155,0.521,3.772,0.1381
156,0.521,3.754,0.1388
157,0.52,3.751,0.1386
158,0.52,3.748,0.1387
159,0.519,3.746,0.1385
160,0.519,3.738,0.1388
161,0.518,3.735,0.1387
162,0.518,3.726,0.139
163,0.517,3.723,0.1389
164,0.517,3.719,0.139
165,0.516,3.715,0.1389
166,0.516,3.714,0.1389
167,0.515,3.711,0.1388
168,0.515,3.709,0.1389
169,0.514,3.705,0.1387
170,0.514,3.697,0.139
171,0.514,3.692,0.1392
172,0.513,3.69,0.139
173,0.513,3.686,0.1392
174,0.513,3.68,0.1394
175,0.512,3.676,0.1393
176,0.512,3.674,0.1394
177,0.511,3.673,0.1391
178,0.511,3.669,0.1393
179,0.511,3.668,0.1393
180,0.51,3.665,0.1392
181,0.51,3.662,0.1393
182,0.51,3.661,0.1393
183,0.509,3.658,0.1391
184,0.509,3.654,0.1393
185,0.508,3.652,0.1391
186,0.508,3.651,0.1391
187,0.507,3.649,0.1389
188,0.507,3.643,0.1392
189,0.506,3.641,0.139
190,0.506,3.638,0.1391
191,0.506,3.637,0.1391
192,0.505,3.633,0.139
193,0.505,3.632,0.139
194,0.505,3.63,0.1391
195,0.504,3.627,0.139
196,0.504,3.625,0.139
197,0.503,3.622,0.1389
198,0.503,3.621,0.1389
199,0.503,3.62,0.139
200,0.503,3.617,0.1391
