no.,acc,apl,small_worldness
0,0.593,6.96,0.0852
1,0.592,6.735,0.0879
2,0.592,6.684,0.0886
3,0.591,6.547,0.0903
4,0.591,6.389,0.0925
5,0.59,6.143,0.096
6,0.59,6.009,0.0982
7,0.589,5.968,0.0987
8,0.589,5.939,0.0992
9,0.588,5.885,0.0999
10,0.588,5.849,0.1005
11,0.587,5.686,0.1032
12,0.587,5.634,0.1042
13,0.587,5.565,0.1055
14,0.586,5.52,0.1062
15,0.586,5.488,0.1068
16,0.585,5.477,0.1068
17,0.585,5.407,0.1082
18,0.584,5.371,0.1087
19,0.584,5.307,0.11
20,0.583,5.299,0.11
21,0.583,5.236,0.1113
22,0.582,5.139,0.1133
23,0.582,5.065,0.1149
24,0.581,5.042,0.1152
25,0.581,5.019,0.1158
26,0.581,4.999,0.1162
27,0.58,4.993,0.1162
28,0.58,4.972,0.1167
29,0.579,4.918,0.1177
30,0.579,4.906,0.118
31,0.578,4.887,0.1183
32,0.578,4.871,0.1187
33,0.577,4.842,0.1192
34,0.576,4.802,0.12
35,0.576,4.785,0.1204
36,0.575,4.783,0.1202
37,0.574,4.765,0.1205
38,0.574,4.755,0.1207
39,0.573,4.726,0.1212
40,0.573,4.704,0.1218
41,0.572,4.696,0.1218
42,0.572,4.693,0.1219
43,0.571,4.665,0.1224
44,0.57,4.646,0.1227
45,0.57,4.618,0.1234
46,0.569,4.61,0.1234
47,0.569,4.606,0.1235
48,0.569,4.591,0.1239
49,0.568,4.586,0.1239
50,0.568,4.575,0.1242
51,0.567,4.567,0.1242
52,0.567,4.549,0.1246
53,0.566,4.538,0.1247
54,0.566,4.536,0.1248
55,0.565,4.52,0.125
56,0.564,4.51,0.1251
57,0.564,4.499,0.1254
58,0.564,4.491,0.1256
59,0.563,4.484,0.1256
60,0.562,4.48,0.1254
61,0.562,4.475,0.1256
62,0.561,4.473,0.1254
63,0.561,4.465,0.1256
64,0.56,4.461,0.1255
65,0.56,4.456,0.1257
66,0.559,4.454,0.1255
67,0.558,4.445,0.1255
68,0.558,4.435,0.1258
69,0.557,4.429,0.1258
70,0.557,4.427,0.1258
71,0.557,4.415,0.1262
72,0.556,4.41,0.1261
73,0.556,4.407,0.1262
74,0.555,4.403,0.1261
75,0.555,4.384,0.1266
76,0.555,4.352,0.1275
77,0.554,4.35,0.1274
78,0.554,4.338,0.1277
79,0.553,4.286,0.129
80,0.553,4.274,0.1294
81,0.553,4.268,0.1296
82,0.552,4.256,0.1297
83,0.552,4.248,0.1299
84,0.551,4.243,0.1299
85,0.551,4.234,0.1301
86,0.55,4.229,0.1301
87,0.55,4.21,0.1306
88,0.55,4.198,0.131
89,0.549,4.182,0.1313
90,0.549,4.179,0.1314
91,0.548,4.171,0.1314
92,0.548,4.162,0.1317
93,0.547,4.147,0.1319
94,0.547,4.14,0.1321
95,0.547,4.139,0.1322
96,0.546,4.131,0.1322
97,0.546,4.13,0.1322
98,0.545,4.116,0.1324
99,0.545,4.109,0.1326
100,0.545,4.096,0.1331
101,0.544,4.091,0.133
102,0.543,4.082,0.133
103,0.543,4.08,0.1331
104,0.542,4.078,0.1329
105,0.541,4.075,0.1328
106,0.541,4.068,0.133
107,0.541,4.059,0.1333
108,0.54,4.051,0.1333
109,0.54,4.049,0.1334
110,0.539,4.047,0.1332
111,0.539,4.033,0.1336
112,0.538,4.027,0.1336
113,0.538,4.021,0.1338
114,0.538,4.017,0.1339
115,0.537,4.015,0.1337
116,0.537,4.012,0.1338
117,0.536,3.995,0.1342
118,0.536,3.993,0.1342
119,0.536,3.991,0.1343
120,0.535,3.988,0.1342
121,0.535,3.984,0.1343
122,0.534,3.981,0.1341
123,0.534,3.978,0.1342
124,0.534,3.973,0.1344
125,0.533,3.964,0.1345
126,0.533,3.958,0.1347
127,0.533,3.95,0.1349
128,0.532,3.946,0.1348
129,0.532,3.944,0.1349
130,0.531,3.942,0.1347
131,0.531,3.94,0.1348
132,0.53,3.935,0.1347
133,0.53,3.931,0.1348
134,0.53,3.929,0.1349
135,0.529,3.923,0.1348
136,0.528,3.92,0.1347
137,0.528,3.918,0.1348
138,0.528,3.917,0.1348
139,0.527,3.913,0.1347
140,0.526,3.912,0.1345
141,0.526,3.909,0.1346
142,0.526,3.899,0.1349
143,0.525,3.897,0.1347
144,0.525,3.888,0.135
145,0.524,3.882,0.135
146,0.524,3.878,0.1351
147,0.523,3.869,0.1352
148,0.523,3.86,0.1355
149,0.523,3.85,0.1358
150,0.522,3.848,0.1357
151,0.522,3.844,0.1358
152,0.521,3.839,0.1357
153,0.521,3.835,0.1359
154,0.521,3.831,0.136
155,0.52,3.828,0.1358
156,0.52,3.824,0.136
157,0.519,3.813,0.1361
158,0.519,3.81,0.1362
159,0.519,3.805,0.1364
160,0.518,3.794,0.1365
161,0.518,3.789,0.1367
162,0.517,3.785,0.1366
163,0.517,3.778,0.1368
164,0.517,3.775,0.137
165,0.516,3.771,0.1368
166,0.516,3.769,0.1369
167,0.516,3.765,0.1371
168,0.515,3.764,0.1368
169,0.515,3.763,0.1369
170,0.515,3.756,0.1371
171,0.515,3.75,0.1373
172,0.514,3.744,0.1373
173,0.513,3.74,0.1372
174,0.513,3.74,0.1372
175,0.513,3.736,0.1373
176,0.512,3.733,0.1372
177,0.512,3.728,0.1373
178,0.512,3.726,0.1374
179,0.511,3.724,0.1372
180,0.511,3.719,0.1374
181,0.511,3.714,0.1376
182,0.51,3.706,0.1376
183,0.51,3.7,0.1378
184,0.509,3.699,0.1376
185,0.509,3.695,0.1378
186,0.509,3.69,0.1379
187,0.508,3.689,0.1377
188,0.508,3.684,0.1379
189,0.508,3.681,0.138
190,0.507,3.67,0.1381
191,0.507,3.668,0.1382
192,0.506,3.662,0.1382
193,0.506,3.659,0.1383
194,0.506,3.657,0.1384
195,0.505,3.655,0.1382
196,0.505,3.653,0.1382
197,0.504,3.647,0.1382
198,0.504,3.646,0.1382
199,0.504,3.643,0.1383
200,0.503,3.641,0.1381
