no.,acc,apl,small_worldness
0,0.593,6.96,0.0852
1,0.593,6.657,0.0891
2,0.592,6.52,0.0908
3,0.591,6.491,0.091
4,0.59,6.436,0.0917
5,0.59,6.255,0.0943
6,0.59,6.041,0.0977
7,0.589,5.99,0.0983
8,0.588,5.892,0.0998
9,0.588,5.822,0.101
10,0.587,5.765,0.1018
11,0.587,5.711,0.1028
12,0.586,5.649,0.1037
13,0.586,5.562,0.1054
14,0.585,5.487,0.1066
15,0.585,5.401,0.1083
16,0.584,5.399,0.1082
17,0.583,5.355,0.1089
18,0.583,5.341,0.1092
19,0.582,5.304,0.1097
20,0.582,5.267,0.1105
21,0.582,5.253,0.1108
22,0.581,5.139,0.1131
23,0.581,5.123,0.1134
24,0.58,5.073,0.1143
25,0.58,5.067,0.1145
26,0.579,5.052,0.1146
27,0.579,5.015,0.1155
28,0.578,4.987,0.1159
29,0.578,4.977,0.1161
30,0.577,4.96,0.1163
31,0.577,4.934,0.1169
32,0.576,4.887,0.1179
33,0.576,4.872,0.1182
34,0.575,4.82,0.1193
35,0.575,4.808,0.1196
36,0.574,4.801,0.1196
37,0.574,4.795,0.1197
38,0.573,4.788,0.1197
39,0.573,4.772,0.1201
40,0.572,4.765,0.12
41,0.571,4.759,0.12
42,0.57,4.704,0.1212
43,0.57,4.684,0.1217
44,0.569,4.67,0.1218
45,0.569,4.652,0.1223
46,0.569,4.623,0.1231
47,0.568,4.589,0.1238
48,0.568,4.582,0.124
49,0.567,4.566,0.1242
50,0.567,4.545,0.1248
51,0.566,4.536,0.1248
52,0.566,4.509,0.1255
53,0.566,4.495,0.1259
54,0.565,4.484,0.126
55,0.565,4.481,0.1261
56,0.564,4.465,0.1263
57,0.564,4.459,0.1265
58,0.563,4.454,0.1264
59,0.563,4.439,0.1268
60,0.562,4.424,0.127
61,0.562,4.409,0.1275
62,0.561,4.376,0.1282
63,0.561,4.373,0.1283
64,0.56,4.355,0.1286
65,0.56,4.349,0.1288
66,0.56,4.348,0.1288
67,0.559,4.33,0.1291
68,0.559,4.329,0.1291
69,0.558,4.298,0.1298
70,0.558,4.295,0.1299
71,0.557,4.283,0.13
72,0.557,4.28,0.1301
73,0.556,4.275,0.1301
74,0.556,4.271,0.1302
75,0.556,4.27,0.1302
76,0.555,4.269,0.13
77,0.555,4.235,0.1311
78,0.554,4.225,0.1311
79,0.554,4.216,0.1314
80,0.553,4.207,0.1314
81,0.553,4.193,0.1319
82,0.553,4.181,0.1323
83,0.552,4.17,0.1324
84,0.551,4.165,0.1323
85,0.551,4.146,0.1329
86,0.551,4.135,0.1333
87,0.55,4.116,0.1336
88,0.55,4.107,0.1339
89,0.549,4.1,0.1339
90,0.549,4.096,0.134
91,0.548,4.077,0.1344
92,0.548,4.074,0.1345
93,0.547,4.073,0.1343
94,0.547,4.072,0.1343
95,0.546,4.064,0.1344
96,0.546,4.06,0.1345
97,0.546,4.059,0.1345
98,0.545,4.038,0.135
99,0.545,4.021,0.1355
100,0.545,4.012,0.1358
101,0.544,3.994,0.1362
102,0.544,3.991,0.1363
103,0.544,3.987,0.1364
104,0.543,3.982,0.1364
105,0.543,3.974,0.1366
106,0.542,3.968,0.1366
107,0.542,3.966,0.1367
108,0.542,3.962,0.1368
109,0.541,3.956,0.1368
110,0.54,3.955,0.1365
111,0.54,3.951,0.1367
112,0.539,3.946,0.1366
113,0.539,3.937,0.1369
114,0.539,3.929,0.1372
115,0.538,3.924,0.1371
116,0.538,3.921,0.1372
117,0.538,3.908,0.1377
118,0.537,3.906,0.1375
119,0.536,3.901,0.1374
120,0.536,3.896,0.1376
121,0.536,3.885,0.138
122,0.535,3.883,0.1378
123,0.535,3.879,0.1379
124,0.535,3.872,0.1382
125,0.534,3.87,0.138
126,0.534,3.868,0.1381
127,0.533,3.857,0.1382
128,0.533,3.855,0.1383
129,0.533,3.853,0.1383
130,0.532,3.85,0.1382
131,0.532,3.846,0.1383
132,0.532,3.835,0.1387
133,0.531,3.832,0.1386
134,0.531,3.824,0.1389
135,0.531,3.818,0.1391
136,0.53,3.816,0.1389
137,0.53,3.811,0.1391
138,0.529,3.806,0.139
139,0.529,3.802,0.1391
140,0.529,3.8,0.1392
141,0.528,3.798,0.139
142,0.528,3.797,0.1391
143,0.527,3.795,0.1389
144,0.527,3.794,0.1389
145,0.526,3.786,0.1389
146,0.526,3.784,0.139
147,0.525,3.781,0.1389
148,0.525,3.778,0.139
149,0.525,3.775,0.1391
150,0.524,3.774,0.1388
151,0.524,3.773,0.1389
152,0.524,3.772,0.1389
153,0.524,3.77,0.139
154,0.523,3.766,0.1389
155,0.523,3.765,0.1389
156,0.522,3.763,0.1387
157,0.522,3.756,0.139
158,0.522,3.754,0.1391
159,0.521,3.752,0.1389
160,0.52,3.749,0.1387
161,0.52,3.745,0.1389
162,0.52,3.743,0.1389
163,0.519,3.742,0.1387
164,0.519,3.738,0.1388
165,0.519,3.735,0.139
166,0.518,3.727,0.139
167,0.518,3.724,0.1391
168,0.517,3.721,0.1389
169,0.517,3.718,0.1391
170,0.517,3.716,0.1391
171,0.516,3.715,0.1389
172,0.516,3.712,0.139
173,0.515,3.704,0.139
174,0.514,3.701,0.1389
175,0.514,3.696,0.1391
176,0.514,3.694,0.1391
177,0.513,3.677,0.1395
178,0.513,3.672,0.1397
179,0.513,3.666,0.1399
180,0.512,3.663,0.1398
181,0.512,3.662,0.1398
182,0.512,3.661,0.1399
183,0.511,3.655,0.1398
184,0.511,3.652,0.1399
185,0.511,3.648,0.1401
186,0.51,3.64,0.1401
187,0.51,3.636,0.1403
188,0.509,3.629,0.1403
189,0.509,3.628,0.1403
190,0.508,3.624,0.1402
191,0.508,3.624,0.1402
192,0.508,3.622,0.1403
193,0.507,3.616,0.1402
194,0.507,3.614,0.1403
195,0.506,3.611,0.1401
196,0.506,3.606,0.1403
197,0.506,3.605,0.1404
198,0.505,3.602,0.1402
199,0.505,3.601,0.1402
200,0.504,3.598,0.1401
201,0.504,3.597,0.1401
