no.,acc,apl,small_worldness
0,0.593,6.96,0.0852
1,0.593,6.864,0.0864
2,0.592,6.773,0.0874
3,0.592,6.741,0.0878
4,0.591,6.493,0.091
5,0.591,6.338,0.0932
6,0.59,6.25,0.0944
7,0.59,6.159,0.0958
8,0.59,6.133,0.0962
9,0.589,5.992,0.0983
10,0.588,5.984,0.0983
11,0.588,5.942,0.099
12,0.587,5.78,0.1016
13,0.587,5.69,0.1032
14,0.586,5.613,0.1044
15,0.586,5.515,0.1063
16,0.586,5.504,0.1065
17,0.585,5.468,0.107
18,0.585,5.402,0.1083
19,0.584,5.395,0.1082
20,0.583,5.381,0.1083
21,0.583,5.363,0.1087
22,0.582,5.342,0.1089
23,0.581,5.31,0.1094
24,0.581,5.257,0.1105
25,0.581,5.225,0.1112
26,0.58,5.202,0.1115
27,0.58,5.2,0.1115
28,0.579,5.118,0.1131
29,0.579,5.114,0.1132
30,0.578,5.099,0.1134
31,0.578,5.073,0.1139
32,0.578,5.035,0.1148
33,0.577,5.032,0.1147
34,0.577,5.021,0.1149
35,0.576,4.959,0.1162
36,0.576,4.943,0.1165
37,0.575,4.922,0.1168
38,0.575,4.903,0.1173
39,0.574,4.855,0.1182
40,0.574,4.827,0.1189
41,0.574,4.769,0.1204
42,0.573,4.727,0.1212
43,0.573,4.708,0.1217
44,0.572,4.685,0.1221
45,0.572,4.662,0.1227
46,0.572,4.623,0.1237
47,0.571,4.619,0.1236
48,0.57,4.615,0.1235
49,0.57,4.609,0.1237
50,0.57,4.592,0.1241
51,0.569,4.56,0.1248
52,0.569,4.551,0.125
53,0.568,4.546,0.1249
54,0.568,4.522,0.1256
55,0.567,4.506,0.1258
56,0.567,4.489,0.1263
57,0.567,4.476,0.1267
58,0.566,4.472,0.1266
59,0.565,4.453,0.1269
60,0.565,4.416,0.1279
61,0.565,4.413,0.128
62,0.564,4.409,0.1279
63,0.564,4.401,0.1282
64,0.563,4.393,0.1282
65,0.563,4.383,0.1285
66,0.562,4.373,0.1285
67,0.561,4.36,0.1287
68,0.56,4.352,0.1287
69,0.56,4.345,0.1289
70,0.559,4.324,0.1293
71,0.559,4.31,0.1297
72,0.558,4.296,0.1299
73,0.558,4.291,0.13
74,0.558,4.283,0.1303
75,0.557,4.279,0.1302
76,0.557,4.277,0.1302
77,0.556,4.27,0.1302
78,0.556,4.259,0.1305
79,0.555,4.254,0.1305
80,0.555,4.246,0.1307
81,0.554,4.218,0.1313
82,0.554,4.21,0.1316
83,0.553,4.201,0.1316
84,0.553,4.197,0.1318
85,0.553,4.195,0.1318
86,0.552,4.168,0.1324
87,0.552,4.163,0.1326
88,0.551,4.159,0.1325
89,0.551,4.155,0.1326
90,0.55,4.151,0.1325
91,0.549,4.15,0.1323
92,0.548,4.143,0.1323
93,0.548,4.141,0.1323
94,0.547,4.125,0.1326
95,0.547,4.115,0.1329
96,0.547,4.11,0.1331
97,0.546,4.098,0.1332
98,0.546,4.086,0.1336
99,0.545,4.079,0.1336
100,0.545,4.076,0.1337
101,0.545,4.071,0.1339
102,0.544,4.061,0.134
103,0.544,4.049,0.1344
104,0.543,4.044,0.1343
105,0.542,4.031,0.1345
106,0.542,4.023,0.1347
107,0.542,4.014,0.135
108,0.541,4.013,0.1348
109,0.54,4.01,0.1347
110,0.54,4.005,0.1348
111,0.539,3.996,0.1349
112,0.539,3.988,0.1352
113,0.539,3.985,0.1353
114,0.538,3.982,0.1351
115,0.538,3.975,0.1353
116,0.537,3.973,0.1352
117,0.537,3.968,0.1353
118,0.537,3.963,0.1355
119,0.536,3.96,0.1354
120,0.536,3.956,0.1355
121,0.536,3.952,0.1356
122,0.535,3.947,0.1355
123,0.535,3.939,0.1358
124,0.534,3.936,0.1357
125,0.534,3.933,0.1358
126,0.534,3.931,0.1358
127,0.534,3.926,0.136
128,0.533,3.923,0.1359
129,0.532,3.921,0.1357
130,0.532,3.916,0.1359
131,0.532,3.909,0.1361
132,0.531,3.899,0.1362
133,0.531,3.898,0.1362
134,0.531,3.885,0.1367
135,0.53,3.883,0.1365
136,0.53,3.879,0.1366
137,0.53,3.873,0.1368
138,0.529,3.87,0.1367
139,0.529,3.866,0.1368
140,0.528,3.861,0.1368
141,0.528,3.861,0.1368
142,0.528,3.848,0.1372
143,0.527,3.847,0.137
144,0.527,3.843,0.1371
145,0.526,3.841,0.1369
146,0.525,3.838,0.1368
147,0.524,3.837,0.1366
148,0.524,3.835,0.1366
149,0.524,3.832,0.1367
150,0.523,3.83,0.1366
151,0.523,3.826,0.1367
152,0.522,3.823,0.1365
153,0.522,3.814,0.1369
154,0.521,3.809,0.1368
155,0.521,3.804,0.137
156,0.521,3.798,0.1372
157,0.52,3.793,0.1371
158,0.52,3.781,0.1375
159,0.519,3.774,0.1375
160,0.519,3.771,0.1376
161,0.519,3.764,0.1379
162,0.518,3.76,0.1378
163,0.518,3.756,0.1379
164,0.518,3.751,0.1381
165,0.517,3.748,0.1379
166,0.517,3.745,0.1381
167,0.516,3.741,0.1379
168,0.516,3.739,0.138
169,0.516,3.737,0.1381
170,0.515,3.734,0.1379
171,0.515,3.729,0.1381
172,0.514,3.728,0.1379
173,0.514,3.72,0.1382
174,0.513,3.715,0.1381
175,0.513,3.711,0.1382
176,0.513,3.71,0.1383
177,0.512,3.709,0.138
178,0.512,3.706,0.1382
179,0.512,3.703,0.1383
180,0.511,3.701,0.1381
181,0.511,3.698,0.1382
182,0.51,3.692,0.1381
183,0.51,3.691,0.1382
184,0.51,3.691,0.1382
185,0.51,3.682,0.1385
186,0.509,3.678,0.1384
187,0.509,3.676,0.1385
188,0.508,3.672,0.1383
189,0.507,3.666,0.1383
190,0.507,3.665,0.1383
191,0.507,3.664,0.1384
192,0.506,3.66,0.1383
193,0.506,3.658,0.1383
194,0.506,3.654,0.1385
195,0.505,3.652,0.1383
196,0.505,3.649,0.1384
197,0.505,3.645,0.1385
198,0.504,3.641,0.1384
199,0.504,3.639,0.1385
200,0.504,3.634,0.1387
