no.,acc,apl,small_worldness
0,0.593,6.96,0.0852
1,0.592,6.889,0.0859
2,0.592,6.79,0.0872
3,0.591,6.714,0.088
4,0.591,6.6,0.0895
5,0.59,6.48,0.091
6,0.59,6.463,0.0913
7,0.589,6.338,0.0929
8,0.589,6.19,0.0952
9,0.588,6.071,0.0969
10,0.588,6.014,0.0978
11,0.587,5.962,0.0985
12,0.587,5.945,0.0987
13,0.586,5.925,0.0989
14,0.586,5.732,0.1022
15,0.585,5.71,0.1025
16,0.585,5.68,0.103
17,0.585,5.624,0.104
18,0.584,5.609,0.1041
19,0.584,5.583,0.1046
20,0.583,5.555,0.105
21,0.583,5.446,0.1071
22,0.582,5.382,0.1081
23,0.582,5.324,0.1093
24,0.581,5.317,0.1093
25,0.581,5.269,0.1103
26,0.58,5.262,0.1102
27,0.58,5.136,0.1129
28,0.58,5.088,0.114
29,0.579,5.042,0.1148
30,0.579,5.025,0.1152
31,0.578,5.018,0.1152
32,0.577,5.014,0.1151
33,0.577,4.984,0.1158
34,0.577,4.969,0.1161
35,0.576,4.964,0.116
36,0.576,4.951,0.1163
37,0.575,4.931,0.1166
38,0.575,4.924,0.1168
39,0.574,4.845,0.1185
40,0.574,4.819,0.1191
41,0.573,4.776,0.12
42,0.573,4.775,0.12
43,0.572,4.772,0.1199
44,0.572,4.767,0.12
45,0.572,4.753,0.1203
46,0.571,4.672,0.1222
47,0.571,4.638,0.1231
48,0.57,4.628,0.1232
49,0.57,4.622,0.1233
50,0.57,4.605,0.1238
51,0.569,4.596,0.1238
52,0.569,4.592,0.1239
53,0.568,4.582,0.124
54,0.568,4.538,0.1252
55,0.568,4.525,0.1255
56,0.567,4.523,0.1254
57,0.567,4.476,0.1267
58,0.566,4.472,0.1266
59,0.566,4.434,0.1276
60,0.565,4.41,0.1281
61,0.565,4.374,0.1292
62,0.564,4.363,0.1293
63,0.564,4.356,0.1295
64,0.563,4.347,0.1295
65,0.563,4.338,0.1298
66,0.563,4.334,0.1299
67,0.562,4.331,0.1298
68,0.562,4.323,0.13
69,0.561,4.31,0.1302
70,0.561,4.303,0.1304
71,0.561,4.285,0.1309
72,0.56,4.28,0.1308
73,0.56,4.275,0.131
74,0.559,4.267,0.131
75,0.559,4.258,0.1313
76,0.558,4.232,0.1319
77,0.558,4.227,0.132
78,0.557,4.219,0.132
79,0.557,4.207,0.1324
80,0.556,4.197,0.1325
81,0.556,4.186,0.1328
82,0.556,4.177,0.1331
83,0.555,4.173,0.133
84,0.555,4.169,0.1331
85,0.554,4.164,0.133
86,0.554,4.135,0.134
87,0.554,4.132,0.1341
88,0.553,4.125,0.1341
89,0.553,4.105,0.1347
90,0.552,4.095,0.1348
91,0.552,4.09,0.135
92,0.552,4.065,0.1358
93,0.551,4.058,0.1358
94,0.551,4.049,0.1361
95,0.55,4.041,0.1361
96,0.55,4.039,0.1362
97,0.55,4.038,0.1362
98,0.549,4.028,0.1363
99,0.549,4.015,0.1367
100,0.548,4.013,0.1366
101,0.548,4.01,0.1367
102,0.548,3.998,0.1371
103,0.547,3.994,0.137
104,0.547,3.99,0.1371
105,0.546,3.984,0.137
106,0.546,3.982,0.1371
107,0.546,3.967,0.1376
108,0.545,3.961,0.1376
109,0.545,3.955,0.1378
110,0.545,3.952,0.1379
111,0.544,3.951,0.1377
112,0.544,3.949,0.1378
113,0.544,3.936,0.1382
114,0.543,3.931,0.1381
115,0.543,3.91,0.1389
116,0.542,3.909,0.1387
117,0.542,3.907,0.1387
118,0.541,3.903,0.1386
119,0.541,3.899,0.1388
120,0.54,3.897,0.1386
121,0.54,3.893,0.1387
122,0.539,3.888,0.1386
123,0.539,3.879,0.139
124,0.539,3.869,0.1393
125,0.538,3.868,0.1391
126,0.538,3.857,0.1395
127,0.538,3.855,0.1396
128,0.537,3.853,0.1394
129,0.537,3.848,0.1396
130,0.536,3.846,0.1394
131,0.536,3.839,0.1396
132,0.536,3.835,0.1398
133,0.535,3.832,0.1396
134,0.535,3.827,0.1398
135,0.535,3.823,0.1399
136,0.534,3.822,0.1397
137,0.534,3.819,0.1398
138,0.533,3.812,0.1398
139,0.533,3.81,0.1399
140,0.532,3.802,0.1399
141,0.532,3.799,0.14
142,0.531,3.798,0.1398
143,0.531,3.796,0.1399
144,0.53,3.794,0.1397
145,0.53,3.792,0.1398
146,0.529,3.786,0.1397
147,0.528,3.784,0.1395
148,0.528,3.779,0.1397
149,0.527,3.779,0.1395
150,0.527,3.774,0.1396
151,0.526,3.769,0.1396
152,0.526,3.765,0.1397
153,0.525,3.762,0.1396
154,0.525,3.755,0.1398
155,0.525,3.75,0.14
156,0.524,3.745,0.1399
157,0.524,3.742,0.14
158,0.523,3.735,0.14
159,0.522,3.733,0.1398
160,0.522,3.729,0.14
161,0.522,3.727,0.1401
162,0.521,3.724,0.1399
163,0.521,3.721,0.14
164,0.521,3.718,0.1401
165,0.52,3.714,0.14
166,0.52,3.712,0.1401
167,0.52,3.71,0.1402
168,0.519,3.706,0.14
169,0.519,3.703,0.1402
170,0.518,3.703,0.1399
171,0.518,3.698,0.1401
172,0.518,3.695,0.1402
173,0.517,3.693,0.14
174,0.517,3.686,0.1403
175,0.517,3.677,0.1406
176,0.516,3.673,0.1405
177,0.516,3.67,0.1406
178,0.516,3.668,0.1407
179,0.516,3.667,0.1407
180,0.515,3.663,0.1406
181,0.515,3.659,0.1407
182,0.515,3.655,0.1409
183,0.514,3.649,0.1409
184,0.513,3.638,0.141
185,0.513,3.635,0.1411
186,0.513,3.631,0.1413
187,0.512,3.629,0.1411
188,0.511,3.625,0.141
189,0.511,3.624,0.141
190,0.51,3.618,0.141
191,0.51,3.614,0.1411
192,0.51,3.614,0.1411
193,0.509,3.613,0.1409
194,0.509,3.61,0.141
195,0.508,3.608,0.1408
196,0.508,3.607,0.1408
197,0.507,3.605,0.1406
198,0.507,3.602,0.1408
199,0.507,3.6,0.1408
200,0.506,3.598,0.1406
