no.,acc,apl,small_worldness
0,0.593,6.96,0.0852
1,0.593,6.715,0.0883
2,0.593,6.715,0.0883
3,0.593,6.715,0.0883
4,0.593,6.715,0.0883
5,0.593,6.715,0.0883
6,0.593,6.715,0.0883
7,0.593,6.715,0.0883
8,0.593,6.715,0.0883
9,0.593,6.715,0.0883
10,0.593,6.715,0.0883
11,0.592,6.696,0.0884
12,0.592,6.696,0.0884
13,0.592,6.696,0.0884
14,0.592,6.696,0.0884
15,0.592,6.696,0.0884
16,0.592,6.696,0.0884
17,0.592,6.696,0.0884
18,0.592,6.696,0.0884
19,0.592,6.696,0.0884
20,0.592,6.696,0.0884
21,0.592,6.696,0.0884
22,0.592,6.696,0.0884
23,0.592,6.696,0.0884
24,0.592,6.696,0.0884
25,0.592,6.696,0.0884
26,0.592,6.696,0.0884
27,0.592,6.696,0.0884
28,0.592,6.696,0.0884
29,0.592,6.696,0.0884
30,0.592,6.696,0.0884
31,0.592,6.696,0.0884
32,0.592,6.696,0.0884
33,0.592,6.696,0.0884
34,0.592,6.696,0.0884
35,0.592,6.696,0.0884
36,0.591,6.501,0.0909
37,0.591,6.501,0.0909
38,0.591,6.501,0.0909
39,0.591,6.501,0.0909
40,0.591,6.501,0.0909
41,0.591,6.501,0.0909
42,0.591,6.501,0.0909
43,0.591,6.501,0.0909
44,0.591,6.501,0.0909
45,0.591,6.501,0.0909
46,0.591,6.501,0.0909
47,0.591,6.501,0.0909
48,0.591,6.501,0.0909
49,0.591,6.501,0.0909
50,0.591,6.501,0.0909
51,0.591,6.429,0.0919
52,0.591,6.429,0.0919
53,0.591,6.429,0.0919
54,0.591,6.429,0.0919
55,0.59,6.426,0.0918
56,0.59,6.426,0.0918
57,0.59,6.224,0.0948
58,0.589,5.936,0.0992
59,0.589,5.936,0.0992
60,0.588,5.763,0.102
61,0.588,5.574,0.1055
62,0.588,5.574,0.1055
63,0.588,5.574,0.1055
64,0.588,5.518,0.1066
65,0.587,5.482,0.1071
66,0.587,5.482,0.1071
67,0.587,5.482,0.1071
68,0.587,5.482,0.1071
69,0.587,5.482,0.1071
70,0.587,5.327,0.1102
71,0.587,5.327,0.1102
72,0.587,5.327,0.1102
73,0.587,5.327,0.1102
74,0.587,5.327,0.1102
75,0.587,5.327,0.1102
76,0.587,5.327,0.1102
77,0.587,5.327,0.1102
78,0.587,5.327,0.1102
79,0.587,5.327,0.1102
80,0.587,5.327,0.1102
81,0.587,5.327,0.1102
82,0.587,5.327,0.1102
83,0.587,5.327,0.1102
84,0.587,5.327,0.1102
85,0.587,5.327,0.1102
86,0.587,5.327,0.1102
87,0.587,5.327,0.1102
88,0.587,5.327,0.1102
89,0.587,5.327,0.1102
90,0.587,5.327,0.1102
91,0.587,5.327,0.1102
92,0.587,5.327,0.1102
93,0.587,5.327,0.1102
94,0.587,5.327,0.1102
95,0.587,5.327,0.1102
96,0.587,5.327,0.1102
97,0.587,5.327,0.1102
98,0.587,5.327,0.1102
99,0.587,5.327,0.1102
100,0.587,5.327,0.1102
101,0.587,5.327,0.1102
102,0.587,5.327,0.1102
103,0.587,5.327,0.1102
104,0.587,5.327,0.1102
105,0.587,5.327,0.1102
106,0.587,5.327,0.1102
107,0.587,5.327,0.1102
108,0.587,5.327,0.1102
109,0.587,5.327,0.1102
110,0.587,5.327,0.1102
111,0.587,5.327,0.1102
112,0.587,5.327,0.1102
113,0.587,5.327,0.1102
114,0.587,5.327,0.1102
115,0.587,5.327,0.1102
116,0.587,5.327,0.1102
117,0.587,5.327,0.1102
118,0.587,5.327,0.1102
119,0.587,5.327,0.1102
120,0.587,5.327,0.1102
121,0.587,5.327,0.1102
122,0.587,5.327,0.1102
123,0.587,5.327,0.1102
124,0.587,5.327,0.1102
125,0.587,5.327,0.1102
126,0.587,5.327,0.1102
127,0.587,5.327,0.1102
128,0.587,5.327,0.1102
129,0.587,5.327,0.1102
130,0.587,5.327,0.1102
131,0.587,5.327,0.1102
132,0.587,5.327,0.1102
133,0.587,5.327,0.1102
134,0.587,5.327,0.1102
135,0.587,5.327,0.1102
136,0.587,5.327,0.1102
137,0.587,5.327,0.1102
138,0.587,5.327,0.1102
139,0.587,5.327,0.1102
140,0.587,5.327,0.1102
141,0.587,5.327,0.1102
142,0.587,5.327,0.1102
143,0.587,5.327,0.1102
144,0.587,5.327,0.1102
145,0.587,5.327,0.1102
146,0.587,5.327,0.1102
147,0.587,5.327,0.1102
148,0.587,5.327,0.1102
149,0.587,5.327,0.1102
150,0.587,5.327,0.1102
151,0.587,5.327,0.1102
152,0.587,5.327,0.1102
153,0.587,5.327,0.1102
154,0.587,5.327,0.1102
155,0.587,5.327,0.1102
156,0.587,5.327,0.1102
157,0.587,5.327,0.1102
158,0.587,5.327,0.1102
159,0.587,5.327,0.1102
160,0.587,5.327,0.1102
161,0.587,5.327,0.1102
162,0.587,5.327,0.1102
163,0.587,5.327,0.1102
164,0.587,5.327,0.1102
165,0.587,5.327,0.1102
166,0.587,5.327,0.1102
167,0.587,5.327,0.1102
168,0.587,5.327,0.1102
169,0.587,5.327,0.1102
170,0.587,5.327,0.1102
171,0.587,5.327,0.1102
172,0.587,5.327,0.1102
173,0.587,5.327,0.1102
174,0.587,5.327,0.1102
175,0.587,5.327,0.1102
176,0.587,5.327,0.1102
177,0.587,5.327,0.1102
178,0.587,5.327,0.1102
179,0.587,5.327,0.1102
180,0.587,5.327,0.1102
181,0.587,5.327,0.1102
182,0.587,5.327,0.1102
183,0.587,5.327,0.1102
184,0.587,5.327,0.1102
185,0.587,5.327,0.1102
186,0.587,5.327,0.1102
187,0.587,5.327,0.1102
188,0.587,5.327,0.1102
189,0.587,5.327,0.1102
190,0.587,5.327,0.1102
191,0.587,5.327,0.1102
192,0.587,5.327,0.1102
193,0.587,5.327,0.1102
194,0.587,5.327,0.1102
195,0.587,5.327,0.1102
196,0.587,5.327,0.1102
197,0.587,5.327,0.1102
198,0.587,5.327,0.1102
199,0.587,5.327,0.1102
200,0.587,5.327,0.1102
