no.,acc,apl,small_worldness
0,0.593,6.96,0.0852
1,0.592,6.668,0.0888
2,0.592,6.668,0.0888
3,0.592,6.668,0.0888
4,0.592,6.668,0.0888
5,0.592,6.668,0.0888
6,0.592,6.668,0.0888
7,0.592,6.668,0.0888
8,0.592,6.668,0.0888
9,0.592,6.668,0.0888
10,0.592,6.668,0.0888
11,0.592,6.668,0.0888
12,0.592,6.668,0.0888
13,0.592,6.668,0.0888
14,0.592,6.668,0.0888
15,0.592,6.668,0.0888
16,0.592,6.668,0.0888
17,0.592,6.668,0.0888
18,0.592,6.668,0.0888
19,0.592,6.668,0.0888
20,0.592,6.668,0.0888
21,0.592,6.668,0.0888
22,0.592,6.668,0.0888
23,0.592,6.668,0.0888
24,0.592,6.668,0.0888
25,0.592,6.668,0.0888
26,0.592,6.668,0.0888
27,0.592,6.668,0.0888
28,0.592,6.668,0.0888
29,0.592,6.668,0.0888
30,0.592,6.668,0.0888
31,0.592,6.668,0.0888
32,0.592,6.668,0.0888
33,0.592,6.668,0.0888
34,0.592,6.668,0.0888
35,0.592,6.668,0.0888
36,0.592,6.668,0.0888
37,0.592,6.668,0.0888
38,0.592,6.668,0.0888
39,0.592,6.668,0.0888
40,0.592,6.668,0.0888
41,0.592,6.668,0.0888
42,0.592,6.668,0.0888
43,0.592,6.668,0.0888
44,0.592,6.668,0.0888
45,0.592,6.668,0.0888
46,0.592,6.668,0.0888
47,0.592,6.668,0.0888
48,0.592,6.668,0.0888
49,0.592,6.668,0.0888
50,0.592,6.668,0.0888
51,0.592,6.668,0.0888
52,0.592,6.668,0.0888
53,0.592,6.668,0.0888
54,0.592,6.668,0.0888
55,0.592,6.668,0.0888
56,0.592,6.668,0.0888
57,0.592,6.668,0.0888
58,0.592,6.668,0.0888
59,0.592,6.668,0.0888
60,0.592,6.668,0.0888
61,0.592,6.668,0.0888
62,0.592,6.668,0.0888
63,0.592,6.668,0.0888
64,0.592,6.668,0.0888
65,0.592,6.668,0.0888
66,0.592,6.668,0.0888
67,0.592,6.668,0.0888
68,0.592,6.668,0.0888
69,0.592,6.668,0.0888
70,0.592,6.668,0.0888
71,0.592,6.668,0.0888
72,0.592,6.668,0.0888
73,0.592,6.668,0.0888
74,0.592,6.668,0.0888
75,0.592,6.668,0.0888
76,0.592,6.668,0.0888
77,0.592,6.668,0.0888
78,0.592,6.668,0.0888
79,0.592,6.668,0.0888
80,0.592,6.668,0.0888
81,0.592,6.668,0.0888
82,0.592,6.668,0.0888
83,0.592,6.668,0.0888
84,0.592,6.668,0.0888
85,0.592,6.668,0.0888
86,0.592,6.668,0.0888
87,0.592,6.668,0.0888
88,0.592,6.668,0.0888
89,0.592,6.668,0.0888
90,0.592,6.668,0.0888
91,0.592,6.668,0.0888
92,0.592,6.668,0.0888
93,0.592,6.668,0.0888
94,0.592,6.668,0.0888
95,0.592,6.668,0.0888
96,0.592,6.668,0.0888
97,0.592,6.668,0.0888
98,0.592,6.668,0.0888
99,0.592,6.668,0.0888
100,0.592,6.668,0.0888
101,0.592,6.668,0.0888
102,0.592,6.668,0.0888
103,0.592,6.668,0.0888
104,0.592,6.668,0.0888
105,0.592,6.668,0.0888
106,0.592,6.668,0.0888
107,0.592,6.668,0.0888
108,0.592,6.668,0.0888
109,0.592,6.668,0.0888
110,0.592,6.668,0.0888
111,0.592,6.668,0.0888
112,0.592,6.668,0.0888
113,0.592,6.668,0.0888
114,0.592,6.668,0.0888
115,0.592,6.668,0.0888
116,0.592,6.668,0.0888
117,0.592,6.668,0.0888
118,0.592,6.668,0.0888
119,0.592,6.668,0.0888
120,0.592,6.668,0.0888
121,0.592,6.668,0.0888
122,0.592,6.668,0.0888
123,0.592,6.668,0.0888
124,0.592,6.668,0.0888
125,0.592,6.668,0.0888
126,0.592,6.668,0.0888
127,0.592,6.668,0.0888
128,0.592,6.668,0.0888
129,0.592,6.668,0.0888
130,0.592,6.668,0.0888
131,0.592,6.668,0.0888
132,0.592,6.668,0.0888
133,0.592,6.668,0.0888
134,0.592,6.668,0.0888
135,0.592,6.668,0.0888
136,0.592,6.668,0.0888
137,0.592,6.668,0.0888
138,0.592,6.668,0.0888
139,0.592,6.668,0.0888
140,0.592,6.668,0.0888
141,0.592,6.668,0.0888
142,0.592,6.668,0.0888
143,0.592,6.668,0.0888
144,0.592,6.668,0.0888
145,0.592,6.668,0.0888
146,0.592,6.668,0.0888
147,0.592,6.668,0.0888
148,0.592,6.668,0.0888
149,0.592,6.668,0.0888
150,0.592,6.668,0.0888
151,0.592,6.668,0.0888
152,0.592,6.668,0.0888
153,0.592,6.668,0.0888
154,0.592,6.668,0.0888
155,0.592,6.668,0.0888
156,0.592,6.668,0.0888
157,0.592,6.668,0.0888
158,0.592,6.668,0.0888
159,0.592,6.668,0.0888
160,0.592,6.668,0.0888
161,0.592,6.668,0.0888
162,0.592,6.668,0.0888
163,0.592,6.668,0.0888
164,0.592,6.668,0.0888
165,0.592,6.668,0.0888
166,0.592,6.668,0.0888
167,0.592,6.668,0.0888
168,0.592,6.668,0.0888
169,0.592,6.668,0.0888
170,0.592,6.668,0.0888
171,0.592,6.668,0.0888
172,0.592,6.668,0.0888
173,0.592,6.668,0.0888
174,0.592,6.668,0.0888
175,0.592,6.668,0.0888
176,0.592,6.668,0.0888
177,0.592,6.668,0.0888
178,0.592,6.668,0.0888
179,0.592,6.668,0.0888
180,0.592,6.668,0.0888
181,0.592,6.668,0.0888
182,0.592,6.668,0.0888
183,0.592,6.668,0.0888
184,0.592,6.668,0.0888
185,0.592,6.668,0.0888
186,0.592,6.668,0.0888
187,0.592,6.668,0.0888
188,0.592,6.668,0.0888
189,0.592,6.668,0.0888
190,0.592,6.668,0.0888
191,0.592,6.668,0.0888
192,0.592,6.668,0.0888
193,0.592,6.668,0.0888
194,0.592,6.668,0.0888
195,0.592,6.668,0.0888
196,0.592,6.668,0.0888
197,0.592,6.668,0.0888
198,0.592,6.668,0.0888
199,0.592,6.668,0.0888
200,0.592,6.668,0.0888
