no.,acc,apl,small_worldness
0,0.593,6.96,0.0852
1,0.593,6.5,0.0912
2,0.592,6.065,0.0976
3,0.592,5.895,0.1004
4,0.592,5.895,0.1004
5,0.591,5.782,0.1022
6,0.591,5.601,0.1055
7,0.591,5.573,0.106
8,0.59,5.413,0.109
9,0.59,5.413,0.109
10,0.59,5.309,0.1111
11,0.589,5.19,0.1135
12,0.588,5.134,0.1145
13,0.588,5.083,0.1157
14,0.588,5.081,0.1157
15,0.588,5.081,0.1157
16,0.587,5.067,0.1158
17,0.587,5.067,0.1158
18,0.587,5.067,0.1158
19,0.587,5.067,0.1158
20,0.587,5.05,0.1162
21,0.586,5.033,0.1164
22,0.586,4.956,0.1182
23,0.585,4.951,0.1182
24,0.585,4.923,0.1188
25,0.584,4.881,0.1196
26,0.584,4.83,0.1209
27,0.584,4.816,0.1213
28,0.583,4.814,0.1211
29,0.583,4.791,0.1217
30,0.582,4.788,0.1216
31,0.582,4.76,0.1223
32,0.581,4.723,0.123
33,0.581,4.714,0.1232
34,0.58,4.689,0.1237
35,0.58,4.681,0.1239
36,0.58,4.66,0.1245
37,0.579,4.585,0.1263
38,0.579,4.578,0.1265
39,0.578,4.566,0.1266
40,0.578,4.544,0.1272
41,0.577,4.505,0.1281
42,0.577,4.471,0.1291
43,0.577,4.471,0.1291
44,0.576,4.469,0.1289
45,0.575,4.46,0.1289
46,0.575,4.445,0.1294
47,0.574,4.42,0.1299
48,0.574,4.399,0.1305
49,0.573,4.376,0.1309
50,0.573,4.376,0.1309
51,0.573,4.364,0.1313
52,0.572,4.336,0.1319
53,0.572,4.332,0.132
54,0.572,4.332,0.132
55,0.571,4.296,0.1329
56,0.571,4.282,0.1333
57,0.57,4.275,0.1333
58,0.57,4.268,0.1336
59,0.569,4.254,0.1338
60,0.569,4.235,0.1344
61,0.568,4.228,0.1343
62,0.567,4.213,0.1346
63,0.567,4.201,0.135
64,0.566,4.188,0.1351
65,0.566,4.174,0.1356
66,0.565,4.16,0.1358
67,0.565,4.148,0.1362
68,0.564,4.141,0.1362
69,0.564,4.132,0.1365
70,0.564,4.109,0.1373
71,0.563,4.101,0.1373
72,0.563,4.093,0.1376
73,0.563,4.078,0.1381
74,0.562,4.071,0.138
75,0.562,4.068,0.1382
76,0.561,4.061,0.1381
77,0.561,4.054,0.1384
78,0.56,4.04,0.1386
79,0.56,4.031,0.1389
80,0.559,4.029,0.1387
81,0.559,4.029,0.1387
82,0.558,4.025,0.1386
83,0.557,4.021,0.1385
84,0.557,4.016,0.1387
85,0.557,4.008,0.139
86,0.556,4.006,0.1388
87,0.556,4.006,0.1388
88,0.556,4.001,0.139
89,0.555,3.985,0.1393
90,0.555,3.981,0.1394
91,0.554,3.977,0.1393
92,0.553,3.97,0.1393
93,0.553,3.965,0.1395
94,0.553,3.955,0.1398
95,0.552,3.951,0.1397
96,0.552,3.942,0.14
97,0.551,3.937,0.14
98,0.551,3.925,0.1404
99,0.55,3.921,0.1403
100,0.55,3.921,0.1403
101,0.55,3.907,0.1408
102,0.55,3.907,0.1408
103,0.549,3.903,0.1407
104,0.549,3.903,0.1407
105,0.549,3.897,0.1409
106,0.548,3.894,0.1407
107,0.547,3.884,0.1408
108,0.547,3.875,0.1412
109,0.546,3.87,0.1411
110,0.545,3.862,0.1411
111,0.545,3.856,0.1413
112,0.545,3.853,0.1414
113,0.545,3.853,0.1414
114,0.544,3.849,0.1413
115,0.544,3.844,0.1415
116,0.543,3.835,0.1416
117,0.543,3.825,0.142
118,0.543,3.809,0.1426
119,0.542,3.802,0.1426
120,0.542,3.797,0.1427
121,0.541,3.793,0.1426
122,0.541,3.786,0.1429
123,0.54,3.781,0.1428
124,0.54,3.778,0.1429
125,0.54,3.773,0.1431
126,0.539,3.765,0.1432
127,0.539,3.759,0.1434
128,0.538,3.754,0.1433
129,0.538,3.751,0.1434
130,0.537,3.742,0.1435
131,0.536,3.737,0.1434
132,0.536,3.731,0.1437
133,0.536,3.727,0.1438
134,0.535,3.722,0.1437
135,0.535,3.716,0.144
136,0.534,3.711,0.1439
137,0.534,3.706,0.1441
138,0.534,3.705,0.1441
139,0.533,3.702,0.144
140,0.533,3.69,0.1444
141,0.532,3.686,0.1443
142,0.531,3.681,0.1443
143,0.53,3.675,0.1442
144,0.53,3.67,0.1444
145,0.53,3.655,0.145
146,0.529,3.649,0.145
147,0.529,3.647,0.1451
148,0.528,3.635,0.1453
149,0.528,3.628,0.1455
150,0.527,3.621,0.1455
151,0.527,3.615,0.1458
152,0.527,3.614,0.1458
153,0.526,3.61,0.1457
154,0.526,3.609,0.1457
155,0.526,3.604,0.1459
156,0.525,3.599,0.1459
157,0.525,3.593,0.1461
158,0.525,3.586,0.1464
159,0.524,3.583,0.1462
160,0.524,3.582,0.1463
161,0.524,3.578,0.1465
162,0.524,3.573,0.1467
163,0.522,3.569,0.1463
164,0.522,3.567,0.1463
165,0.522,3.565,0.1464
166,0.521,3.561,0.1463
167,0.521,3.558,0.1464
168,0.521,3.551,0.1467
169,0.52,3.55,0.1465
170,0.519,3.545,0.1464
171,0.519,3.542,0.1465
172,0.519,3.541,0.1466
173,0.518,3.537,0.1465
174,0.518,3.534,0.1466
175,0.517,3.533,0.1463
176,0.517,3.529,0.1465
177,0.517,3.528,0.1465
178,0.516,3.524,0.1464
179,0.516,3.522,0.1465
180,0.515,3.516,0.1465
181,0.515,3.514,0.1466
182,0.515,3.512,0.1466
183,0.514,3.51,0.1464
184,0.514,3.506,0.1466
185,0.513,3.504,0.1464
186,0.513,3.503,0.1464
187,0.512,3.499,0.1463
188,0.511,3.495,0.1462
189,0.511,3.489,0.1465
190,0.511,3.488,0.1465
191,0.511,3.485,0.1466
192,0.51,3.484,0.1464
193,0.51,3.479,0.1466
194,0.509,3.475,0.1465
195,0.508,3.472,0.1463
196,0.508,3.469,0.1464
197,0.508,3.467,0.1465
198,0.507,3.462,0.1464
199,0.507,3.459,0.1466
200,0.506,3.456,0.1464
